0.000000 1.014867
0.020813 1.017331
0.041626 1.021835
0.062500 1.023046
0.083313 1.028071
0.125000 1.033370
0.145813 1.035363
0.166626 1.037846
0.187500 1.037580
0.208313 1.036900
0.229126 1.037456
0.250000 1.040225
0.270813 1.038725
0.291626 1.038376
0.312500 1.039733
0.333313 1.038190
0.354126 1.037285
0.375000 1.035581
0.395813 1.036077
0.416626 1.033524
0.437500 1.029777
0.458313 1.024939
0.479126 1.021144
0.500000 1.016162
0.520813 1.013678
0.541626 1.007818
0.562500 1.004079
0.583313 0.999894
0.604126 0.994500
0.625000 0.991584
0.645813 0.985733
0.666626 0.981336
0.687500 0.976871
0.708313 0.972002
0.729126 0.967676
0.750000 0.964123
0.770813 0.962132
0.791626 0.958710
0.812500 0.956297
0.833374 0.952677
0.854187 0.950431
0.875000 0.947787
0.895874 0.944841
0.916687 0.941898
0.937500 0.938374
0.958374 0.935596
0.979187 0.932513
1.000000 0.929234
1.020874 0.928615
1.041687 0.925866
1.062500 0.925305
1.083374 0.923813
1.104187 0.922051
1.125000 0.919404
1.145874 0.916642
1.166687 0.915937
1.187500 0.914095
1.208374 0.912810
1.229187 0.911804
1.250000 0.909163
1.270874 0.908910
1.291687 0.908442
1.312500 0.908610
1.333374 0.909214
1.354187 0.906988
1.375000 0.906291
1.395874 0.909484
1.416687 0.909198
1.437500 0.909891
1.458374 0.911908
1.479187 0.913077
1.500000 0.915908
1.520874 0.917182
1.541687 0.919487
1.562500 0.922468
1.583374 0.926160
1.604187 0.929650
1.625000 0.933421
1.645874 0.937901
1.666687 0.938526
1.687500 0.940108
1.708374 0.944335
1.729187 0.948786
1.750000 0.995815
1.770874 0.973970
1.791687 0.966977
1.812500 0.967070
1.833374 0.969991
1.854187 0.972694
1.875000 0.976133
1.895874 0.980401
1.916687 0.982506
1.937500 0.987053
1.958374 0.990881
1.979187 0.995679
2.000000 0.998635
2.020874 1.003725
2.041687 1.006853
2.062500 1.013212
2.083374 1.014960
2.104187 1.020656
2.125000 1.024600
2.145874 1.027382
2.166687 1.031537
2.187500 1.034432
2.208374 1.038564
2.229187 1.040934
2.250000 1.043570
2.270874 1.048209
2.291687 1.047656
2.312500 1.048772
2.333374 1.048415
2.354187 1.048814
2.375000 1.045193
2.395874 1.044833
2.416687 1.041673
2.437500 1.039080
2.458374 1.037864
2.479187 1.032628
2.500000 1.028263
2.520874 1.024516
2.541687 1.022159
2.562500 1.016266
2.583374 1.011146
2.604187 1.007865
2.625000 1.004248
2.645874 1.001473
2.666687 1.002436
2.687500 0.997157
2.708374 0.991927
2.729187 0.985930
2.750000 0.980228
2.770874 0.978331
2.791687 0.974117
2.812500 0.970315
2.833374 0.967682
2.854187 0.964622
2.875000 0.959688
2.895874 0.958231
2.916687 0.955502
2.937500 0.954135
2.958374 0.953250
2.979187 0.951816
3.000000 0.951074
3.020874 0.950042
3.041687 0.948083
3.062500 0.948088
3.083374 0.948397
3.104187 0.943664
3.125000 0.944745
3.145874 0.941247
3.166687 0.939824
3.187500 0.938876
3.208374 0.940090
3.250000 0.938243
3.270874 0.937104
3.291687 0.937630
3.312500 0.933236
3.333374 0.930644
3.354187 0.929899
3.375000 0.928646
3.395874 0.926901
3.416687 0.929355
3.437500 0.929918
3.458313 0.931231
3.479126 0.930299
3.500000 0.931618
3.520813 0.932833
3.541626 0.934000
3.562500 0.936006
3.583313 0.934903
3.604126 0.938646
3.625000 0.938238
3.645813 0.940792
3.666626 0.943290
3.687500 0.944590
3.708313 0.947013
3.729126 0.949006
3.750000 0.951624
3.770813 0.955228
3.791626 0.957884
3.812500 0.967625
3.833313 0.968439
3.854126 0.968794
3.875000 0.968349
3.895813 0.971972
3.916626 0.975359
3.937500 0.978669
3.958313 0.981400
3.979126 0.984917
4.000000 0.986046
4.020813 0.988480
4.041626 0.993139
4.062500 0.998453
4.083313 1.002758
4.104126 1.005450
4.125000 1.010833
4.145813 1.015147
4.166626 1.021316
4.187500 1.022453
4.208313 1.028743
4.229126 1.032225
4.250000 1.036085
4.270813 1.038615
4.291626 1.041295
4.312500 1.042487
4.333313 1.044642
4.354126 1.043929
4.375000 1.044535
4.395813 1.047290
4.416626 1.046262
4.437500 1.049593
4.458313 1.049266
4.479126 1.048040
4.500000 1.040866
4.520813 1.039682
4.541626 1.036945
4.562500 1.034626
4.583313 1.030155
4.604126 1.028614
4.625000 1.022429
4.645813 1.018244
4.666626 1.015167
4.687500 1.012788
4.708313 1.008476
4.729126 1.007500
4.750000 1.021568
4.770813 1.016111
4.791626 0.999542
4.812500 0.995059
4.833313 0.989879
4.854126 0.986670
4.875000 0.983180
4.895813 0.981402
4.916626 0.978206
4.937500 0.977011
4.958313 0.975379
4.979126 0.973074
5.000000 0.973178
5.020813 0.969470
5.041626 0.980440
5.062500 0.976652
5.083313 0.974529
5.104126 0.971223
5.125000 0.970395
5.145813 0.968080
5.166626 0.966597
5.187500 0.968469
5.208313 0.973127
5.229126 0.979128
5.250000 0.976678
5.270813 0.975039
5.291626 0.972160
5.312500 0.969010
5.333313 0.966439
5.354126 0.966405
5.375000 0.965123
5.395813 0.965323
5.416626 0.964321
5.437500 0.964237
5.458313 0.963311
5.479126 0.964065
5.500000 0.963282
5.520813 0.962689
5.541626 0.962083
5.562500 0.960202
5.583313 0.963055
5.604126 0.961187
5.625000 0.960860
5.645813 0.961038
5.666626 0.961314
5.687500 0.961855
5.708313 0.963242
5.729126 0.963229
5.750000 0.964872
5.770813 0.963915
5.791626 0.964110
5.812500 0.966242
5.833313 0.966887
5.854126 0.967502
5.875000 0.969847
5.895813 0.971274
5.916626 0.973716
5.937500 0.975123
5.958313 0.976124
5.979126 0.979947
6.000000 0.981150
6.020813 0.983571
6.041626 0.988494
6.062500 0.991138
6.083313 0.993168
6.104126 0.996074
6.125000 0.998779
6.145813 1.001555
6.166626 1.004282
6.187500 1.008597
6.208313 1.011770
6.229126 1.015014
6.250000 1.019342
6.270813 1.022649
6.291626 1.025123
6.312500 1.025710
6.333313 1.026812
6.375000 1.027825
6.395813 1.030163
6.416626 1.030813
6.437500 1.029726
6.458313 1.033057
6.479126 1.031217
6.500000 1.031944
6.520813 1.031814
6.541626 1.031846
6.562500 1.029955
6.583313 1.031217
6.604126 1.030723
6.625000 1.030171
6.645813 1.028591
6.666626 1.026233
6.687500 1.025016
6.708313 1.023810
6.729126 1.021881
6.750000 1.017594
6.770813 1.016321
6.791626 1.013551
6.812500 1.009252
6.833313 1.008900
6.854126 1.007950
6.875000 1.005402
6.895813 1.004882
6.916626 1.005486
6.937500 1.002025
6.958313 1.001708
6.979126 1.001438
7.000000 1.004772
7.020813 0.992604
7.041626 0.991390
7.062500 0.990798
7.083313 0.989084
7.104126 0.989781
7.125000 0.988343
7.145813 0.988124
7.166626 0.987698
7.187500 0.984372
7.208313 0.984736
7.229126 0.985375
7.250000 0.990928
7.270813 1.009481
7.291626 0.998302
7.312500 0.993082
7.333313 0.989956
7.354126 0.990024
7.375000 0.989265
7.395813 0.989193
7.416626 0.990685
7.437500 0.992689
7.458313 0.993491
7.479126 0.994683
7.500000 0.993184
7.520813 0.993150
7.541626 0.993908
7.562500 0.992784
7.583313 0.993110
7.604126 0.993038
7.625000 0.993071
7.645813 0.992090
7.666626 0.991931
7.687500 0.990944
7.708313 0.995650
7.729126 0.993357
7.750000 0.989806
7.770813 0.989740
7.791626 0.987275
7.812500 0.986525
7.833313 0.984042
7.854126 0.984448
7.875000 0.984955
7.895813 0.983312
7.916626 0.985536
7.937500 0.983475
7.958313 0.983930
7.979126 0.984545
8.000000 0.986446
8.020813 0.987673
8.041626 0.988685
8.062500 0.990300
8.083313 0.991838
8.104126 0.995045
8.124939 0.996446
8.145752 0.998074
8.166626 0.999578
8.187439 1.001035
8.208252 1.000925
8.229126 1.002759
8.249939 1.003589
8.270752 1.005670
8.291626 1.005707
8.312439 1.007773
8.333252 1.010333
8.354126 1.011825
8.374939 1.011757
8.395752 1.011301
8.416626 1.013503
8.437439 1.013334
8.458252 1.012095
8.479126 1.012611
8.499939 1.013056
8.520752 1.015543
8.541626 1.014130
8.562439 1.014920
8.583252 1.017050
8.604126 1.016070
8.624939 1.016356
8.645752 1.017256
8.666626 1.017959
8.687439 1.017065
8.708252 1.016761
8.729126 1.017140
9.833252 0.993190
9.854126 0.996902
9.874939 0.995541
9.895752 0.993110
9.916626 0.990507
9.937439 0.990561
9.958252 0.988578
9.979126 0.988798
9.999939 0.988101
10.020752 0.988178
10.041626 0.986313
10.062439 0.987471
10.083252 0.988492
10.104126 0.988368
10.124939 0.988477
10.145752 0.988996
10.166626 0.986134
10.187439 0.990465
10.208252 0.991129
10.229126 0.990087
10.249939 0.994291
10.270752 0.987568
10.291626 0.987044
10.312439 0.986302
10.333252 0.984676
10.354126 0.984792
10.374939 0.985243
10.395752 0.981425
10.416626 0.981677
10.437439 0.981339
10.458252 0.980765
10.479126 0.981705
10.499939 0.979223
10.520752 0.980545
10.541626 0.981828
10.562439 0.981711
10.583252 0.983452
10.604126 0.982390
10.624939 0.982747
10.645752 0.984727
10.666626 0.987392
10.687439 0.989261
10.708252 0.988025
10.729126 0.989844
10.749939 0.991444
10.770752 0.992967
10.791626 0.996190
10.812439 0.999388
10.833252 1.001324
10.854126 1.003560
10.874939 1.003763
10.895752 1.005559
10.916626 1.016207
10.937439 1.016558
10.958252 1.013661
10.979126 1.013331
10.999939 1.015870
11.020752 1.016964
11.041626 1.018176
11.062439 1.019755
11.083252 1.020633
11.104126 1.021096
11.124939 1.021258
11.145752 1.021662
11.166626 1.020536
11.187439 1.019536
11.208252 1.019591
11.229126 1.017605
11.249939 1.018077
11.270752 1.019359
11.291626 1.019086
11.312439 1.019125
11.333252 1.019893
11.354126 1.019881
11.374939 1.020524
11.395752 1.020556
11.416626 1.020143
11.437439 1.021711
11.458252 1.022692
11.479126 1.022238
11.499939 1.023468
11.520752 1.024796
11.541626 1.024254
11.562439 1.024354
11.583252 1.022852
11.604126 1.024798
11.624939 1.025691
11.645752 1.025086
11.666626 1.024518
11.687439 1.026402
11.708252 1.024673
11.729126 1.023929
11.749939 1.022573
11.770752 1.022639
11.791626 1.023389
11.812439 1.021668
11.833252 1.022120
11.854126 1.020874
11.874939 1.020418
11.895752 1.024624
11.916626 1.022464
11.937439 1.019509
11.958252 1.017584
11.979065 1.015817
11.999878 1.013500
12.020752 1.013211
12.041565 1.013105
12.062378 1.011562
12.083252 1.008676
12.104065 1.008826
12.124878 1.004415
12.145752 1.003514
12.166565 1.001888
12.187378 0.996583
12.208252 0.995715
12.229065 0.992226
12.249878 0.983908
12.270752 0.979322
12.291565 0.980586
12.312378 0.977456
12.333252 0.976443
12.354065 0.974567
12.374878 0.971224
12.395752 0.969652
12.416565 0.967770
12.437378 0.966809
12.458252 0.964864
12.479065 0.964118
12.499878 0.961989
12.520752 0.961132
12.541565 0.960613
12.562378 0.960795
12.583252 0.961005
12.604065 0.959966
12.624878 0.959727
12.645752 0.960859
12.666565 0.962479
12.687378 0.962090
12.708252 0.965117
12.729065 0.966684
12.749878 0.970207
12.770752 0.971130
12.791565 0.974775
12.812378 0.978191
12.833252 0.981984
12.854065 0.983593
12.874878 0.986659
12.895752 0.988413
12.916565 0.991015
12.937378 0.994449
12.958252 0.997536
12.979065 0.998506
13.020752 1.006391
13.041565 1.009820
13.062378 1.013738
13.083252 1.018024
13.104065 1.019532
13.124878 1.022763
13.145752 1.026298
13.166565 1.028863
13.187378 1.033387
13.208252 1.041123
13.229065 1.048754
13.249878 1.048626
13.270752 1.046455
13.291565 1.049161
13.312378 1.050488
13.333252 1.049751
13.354065 1.046946
13.374878 1.045591
13.395752 1.045843
13.416565 1.044588
13.437378 1.043601
13.458252 1.044613
13.479065 1.044616
13.499878 1.043206
13.520752 1.043268
13.541565 1.043946
13.562378 1.044430
13.583252 1.042943
13.604065 1.043409
13.624878 1.043120
13.645752 1.042852
13.666565 1.042537
13.687378 1.040076
13.708252 1.040758
13.729065 1.037935
13.749878 1.039371
13.770752 1.038800
13.791565 1.039094
13.812378 1.038507
13.833252 1.037523
13.854065 1.039949
13.874878 1.038858
13.895752 1.037995
13.916565 1.037708
13.937378 1.038408
13.958252 1.036909
13.979065 1.036215
13.999878 1.034794
14.020752 1.033957
14.041565 1.036675
14.062378 1.032531
14.083252 1.032008
14.104065 1.029829
14.124878 1.027380
14.145752 1.023703
14.166565 1.020881
14.187378 1.017654
14.208252 1.014196
14.229065 1.009378
14.249878 1.005142
14.270752 1.000923
14.291565 0.995999
14.312378 0.993417
14.333252 0.987819
14.354065 0.983335
14.374878 0.978598
14.395752 0.974455
14.416565 0.970589
14.437378 0.966504
14.458252 0.964214
14.479065 0.958587
14.499878 0.957180
14.520691 0.955730
14.541504 0.952166
14.562378 0.951154
14.583191 0.950130
14.604004 0.945423
14.624878 0.946029
14.645691 0.944515
14.666504 0.944088
14.687378 0.946102
14.708191 0.946349
14.729004 0.947836
14.749878 0.947519
14.770691 0.950722
14.791504 0.953117
14.812378 0.954414
14.833191 0.956714
14.854004 0.958605
14.874878 0.961920
14.895691 0.965356
14.916504 0.968226
14.937378 0.971146
14.958191 0.973247
14.979004 0.977300
14.999878 0.982393
15.020691 0.986277
15.041504 0.990907
15.062378 0.992892
15.083191 0.998657
15.104004 1.001284
15.124878 1.005988
15.145691 1.010195
15.166504 1.013736
15.187378 1.018351
15.208191 1.021354
15.229004 1.025526
15.249878 1.028792
15.270691 1.033062
15.291504 1.036236
15.312378 1.040407
15.333191 1.042435
15.354004 1.048164
15.374878 1.048960
15.395691 1.051258
15.416504 1.054905
15.437378 1.056873
15.458191 1.057197
15.479004 1.057463
15.499878 1.060086
15.520691 1.060092
15.541504 1.058159
15.562378 1.059602
15.583191 1.059806
15.604004 1.060901
15.624878 1.059371
15.645691 1.059698
15.666504 1.058041
15.687378 1.057449
15.708191 1.056731
15.729004 1.054396
15.749878 1.056859
15.770691 1.055951
15.791504 1.053322
15.812378 1.051785
15.833191 1.052187
15.854004 1.050670
15.874878 1.051591
15.895691 1.051663
15.916504 1.052104
15.937378 1.051236
15.958191 1.052327
15.979004 1.050523
15.999878 1.050536
16.020691 1.050362
16.041504 1.049444
16.062378 1.048886
16.083191 1.047310
16.104004 1.045692
16.145691 1.042262
16.166504 1.039556
16.187378 1.035882
16.208191 1.031814
16.229004 1.029115
16.249878 1.024639
16.270691 1.022649
16.291504 1.015702
16.312378 1.011085
16.333191 1.007740
16.354004 1.002802
16.374878 1.004524
16.395691 0.998317
16.416504 0.990179
16.437317 0.983658
16.458130 0.977009
16.479004 0.973113
16.499817 0.968458
16.520630 0.964883
16.541504 0.962078
16.562317 0.958722
16.583130 0.952920
16.604004 0.950122
16.624817 0.948629
16.645630 0.946723
16.666504 0.943887
16.687317 0.944871
16.708130 0.941799
16.729004 0.942669
16.749817 0.942118
16.770630 0.942239
16.791504 0.943324
16.812317 0.942576
16.833130 0.944126
16.854004 0.945135
16.874817 0.947139
16.895630 0.948635
16.916504 0.950369
16.937317 0.953448
16.958130 0.955804
16.979004 0.960371
16.999817 0.965259
17.020630 0.968431
17.041504 0.969885
17.062317 0.972652
17.083130 0.975165
17.104004 0.979071
17.124817 0.985141
17.145630 0.989726
17.166504 0.994559
17.187317 1.000091
17.208130 1.005978
17.229004 1.011151
17.249817 1.015766
17.270630 1.021078
17.291504 1.026807
17.312317 1.032628
17.333130 1.037882
17.354004 1.040991
17.374817 1.045982
17.395630 1.050379
17.416504 1.054926
17.437317 1.057764
17.458130 1.062260
17.479004 1.064284
17.499817 1.067883
17.520630 1.071202
17.541504 1.073365
17.562317 1.075492
17.583130 1.076178
17.604004 1.075677
17.624817 1.076681
17.645630 1.077461
17.666504 1.075858
17.687317 1.076237
17.708130 1.076479
17.729004 1.075806
17.749817 1.074860
17.770630 1.074719
17.791504 1.074611
17.812317 1.073130
17.833130 1.071033
17.854004 1.075953
17.874817 1.070991
17.895630 1.070393
17.916504 1.070878
17.937317 1.069948
17.958130 1.068452
17.979004 1.069099
17.999817 1.069064
18.020630 1.066329
18.041443 1.065480
18.062256 1.063533
18.083130 1.060289
18.103943 1.056582
18.124756 1.055362
18.145630 1.053309
18.166443 1.050601
18.187256 1.049825
18.208130 1.045145
18.228943 1.041346
18.249756 1.037531
18.270630 1.034282
18.291443 1.029555
18.312256 1.027866
18.333130 1.023065
18.353943 1.019355
18.374756 1.022221
18.395630 1.016678
18.416443 1.009045
18.437256 1.005635
18.458130 1.001187
18.478943 0.996746
18.499756 0.990991
18.520630 0.985887
18.541443 0.981512
18.562256 0.975301
18.583130 0.972264
18.603943 0.968566
18.624756 0.965458
18.645630 0.962224
18.666443 0.958968
18.687256 0.955838
18.708130 0.953355
18.728943 0.949584
18.749756 0.949014
18.770630 0.946517
18.791443 0.944316
18.812256 0.942902
18.833130 0.941666
18.853943 0.942665
18.874756 0.941094
18.895630 0.941581
18.916443 0.942791
18.937256 0.944928
18.958130 0.946239
18.978943 0.948544
18.999756 0.950052
19.020630 0.952306
19.041443 0.954428
19.062256 0.957078
19.083130 0.960370
19.103943 0.965431
19.124756 0.970011
19.145630 0.973123
19.166443 0.978875
19.187256 0.981807
19.208130 0.992624
19.228943 0.994411
19.270630 1.005111
19.291443 1.010343
19.312256 1.013760
19.333130 1.018639
19.353943 1.024836
19.374756 1.030592
19.395630 1.033613
19.416443 1.038569
19.437256 1.043018
19.458069 1.048072
19.478882 1.053422
19.499756 1.060404
19.520569 1.062652
19.541382 1.066994
19.562256 1.070715
19.583069 1.073943
19.603882 1.076251
19.624756 1.079104
19.645569 1.080366
19.666382 1.084302
19.687256 1.087630
19.708069 1.089323
19.728882 1.089518
19.749756 1.097316
19.770569 1.098748
19.791382 1.095272
19.812256 1.094877
19.833069 1.097725
19.853882 1.094557
19.874756 1.092701
19.895569 1.093067
19.916382 1.093489
19.937256 1.091988
19.958069 1.092057
19.978882 1.091289
19.999756 1.090038
20.020569 1.087597
20.041382 1.084699
20.062256 1.081199
20.083069 1.079631
20.103882 1.078030
20.124756 1.074925
20.145569 1.071278
20.166382 1.068440
20.187256 1.064588
20.208069 1.061767
20.228882 1.057974
20.249756 1.054858
20.270569 1.049962
20.291382 1.046378
20.312256 1.042602
20.333069 1.040273
20.353882 1.036948
20.374756 1.034491
20.395569 1.031081
20.416382 1.027846
20.437256 1.024036
20.458069 1.020598
20.478882 1.017384
20.499756 1.013081
20.520569 1.009074
20.541382 1.006769
20.562256 1.002225
20.583069 1.000000
20.603882 1.005195
20.624756 0.998172
20.645569 0.994336
20.666382 0.989652
20.687195 0.988754
20.708008 0.982800
20.728882 0.980420
20.749695 0.978105
20.770508 0.974738
20.791382 0.971276
20.812195 0.969579
20.833008 0.966478
20.853882 0.965574
20.874695 0.964413
20.895508 0.960353
20.916382 0.960659
20.937195 0.960067
20.958008 0.959174
20.978882 0.959793
20.999695 0.961771
21.020508 0.960183
21.041382 0.960377
21.062195 0.962696
21.083008 0.959203
21.103882 0.960945
21.124695 0.965350
21.145508 0.969316
21.166382 0.972119
21.187195 0.974256
21.208008 0.977595
21.228882 0.981619
21.249695 0.987908
21.270508 0.988819
21.291382 0.994310
21.312195 0.997897
21.333008 1.002839
21.353882 1.005277
21.374695 1.010891
21.395508 1.017497
21.416382 1.020814
21.437195 1.026423
21.458008 1.031678
21.478882 1.035137
21.499695 1.042370
21.520508 1.047926
21.541382 1.048228
21.562195 1.054395
21.583008 1.058045
21.603882 1.063305
21.624695 1.067664
21.645508 1.071733
21.666382 1.074884
21.687195 1.079155
21.708008 1.082567
21.728882 1.087380
21.749695 1.090136
