1.468286802153077588e+03 1.202223723429121982e+01 1.036102535681987383e-03
1.468307636051953068e+03 1.202008348759540546e+01 1.034433483805242580e-03
1.468328469948965903e+03 1.202360257369889318e+01 1.037628843364700199e-03
1.468349303845512168e+03 1.202236901428485716e+01 1.036453428178790281e-03
1.468370137740661903e+03 1.202318871466440342e+01 1.037231743725529733e-03
1.468411805528167861e+03 1.202468332795699624e+01 1.038019186947439785e-03
1.468432639420058877e+03 1.203038786284057515e+01 1.043258730163056352e-03
1.468453473311016523e+03 1.203206403254386991e+01 1.044327695629998108e-03
1.468474307201043985e+03 1.203444533637554414e+01 1.045272128947231666e-03
1.468495141090141033e+03 1.203524033145303207e+01 1.045946630386081948e-03
1.468515974977840870e+03 1.203604867750750707e+01 1.045890727333761852e-03
1.468536808864608474e+03 1.203957449555058368e+01 1.048434214129412767e-03
1.468557642750443847e+03 1.204226230890814087e+01 1.050208261588167968e-03
1.468578476634883828e+03 1.204719824639800763e+01 1.054061195897972990e-03
1.468599310518392485e+03 1.204867302687430985e+01 1.054597106984058981e-03
1.468620144400969821e+03 1.205611830579965549e+01 1.060695676547076778e-03
1.468640978282615379e+03 1.205807910391689752e+01 1.062053907997278146e-03
1.468661812162863498e+03 1.206000502244012829e+01 1.062636010918949388e-03
1.468682646042646866e+03 1.206369361647441529e+01 1.065887676566276481e-03
1.468703479920567588e+03 1.206623315310446642e+01 1.067693503430583012e-03
1.468724313798022649e+03 1.206710762740159559e+01 1.067648626109654608e-03
1.468745147674079362e+03 1.207211253338189572e+01 1.072126280975055357e-03
1.468765981549206117e+03 1.207449234067343902e+01 1.074493158234567525e-03
1.468786815423401094e+03 1.207207324023903716e+01 1.071887560621149213e-03
1.468807649296664977e+03 1.207316549336246503e+01 1.072636503202378062e-03
1.468828483168531875e+03 1.207105082035975663e+01 1.070982739394949401e-03
1.468849317039467451e+03 1.207179258442804937e+01 1.071857604046839085e-03
1.468870150909470340e+03 1.207162767530340020e+01 1.071105674340812287e-03
1.468890984778543952e+03 1.207183017514707579e+01 1.071684644569457102e-03
1.468911818646220127e+03 1.207272851591579865e+01 1.072406373875146477e-03
1.468932652512964069e+03 1.206989863778604999e+01 1.069377936617970509e-03
1.468953486378777143e+03 1.207176616532748525e+01 1.072253921973198533e-03
1.468974320243658894e+03 1.207086822769589851e+01 1.072759628751893384e-03
1.468995154107144117e+03 1.206238384133675545e+01 1.064241412755143491e-03
1.469015987969698017e+03 1.206516139191701242e+01 1.067768729380292247e-03
1.469036821831319457e+03 1.206004430333060107e+01 1.063652919697226796e-03
1.469057655692010030e+03 1.205598049955001905e+01 1.060449629733201116e-03
1.469078489551769962e+03 1.205143664397495051e+01 1.057065258496299280e-03
1.469099323410133820e+03 1.205158035070722100e+01 1.056913130904869880e-03
1.469120157267564991e+03 1.205221157232515061e+01 1.057540659647501812e-03
1.469140991124064840e+03 1.204788225297408033e+01 1.054708578815451202e-03
1.469161824979168159e+03 1.205176556811593791e+01 1.057934880755343398e-03
1.469182658833804453e+03 1.205192408530041170e+01 1.057514641341167957e-03
1.469203492687045127e+03 1.205420780056463492e+01 1.059845897856243578e-03
1.469224326539354934e+03 1.205206434778102853e+01 1.058174165677110970e-03
1.469245160390266392e+03 1.205162428828444909e+01 1.057612462449090181e-03
1.469265994240712644e+03 1.205122002691245342e+01 1.056913321646824663e-03
1.469286828089761912e+03 1.205113406339363813e+01 1.057126904607284725e-03
1.469307661937879857e+03 1.205138833318741653e+01 1.057470288135526314e-03
1.469328495785066934e+03 1.205111978306669052e+01 1.057710943196617280e-03
1.469349329631323144e+03 1.204699006785066651e+01 1.053885812285161074e-03
1.469370163476180551e+03 1.204629873366312509e+01 1.053080797562933090e-03
1.469390997320107090e+03 1.204735466292919632e+01 1.053865936215141836e-03
1.469411831163104125e+03 1.204052242109708715e+01 1.048093379761836502e-03
1.469432665005168019e+03 1.204782899179604527e+01 1.055226103411419872e-03
1.469453498845835838e+03 1.204100432139479615e+01 1.049400512771045922e-03
1.469474332686037542e+03 1.204239925398511524e+01 1.051210159620171803e-03
1.469495166524841352e+03 1.204239250814729090e+01 1.050728134434843371e-03
1.469516000362714976e+03 1.204084373524100648e+01 1.049577291650980815e-03
1.469536834199658188e+03 1.203792663953391795e+01 1.047343024386380777e-03
1.469557668035203505e+03 1.203810535234099177e+01 1.047878937807669979e-03
1.469578501869817046e+03 1.203822331956052416e+01 1.048438434733129764e-03
1.469599335703965608e+03 1.203193204960416907e+01 1.042927989913452124e-03
1.469620169536716048e+03 1.203585629337909602e+01 1.046603077705596197e-03
1.469641003368070415e+03 1.203465296411355645e+01 1.045494889937446980e-03
1.469661837198960029e+03 1.203472717992934804e+01 1.045385122492253340e-03
1.469682671028451978e+03 1.203542751528886612e+01 1.045817025521911942e-03
1.469703504857011467e+03 1.204147574984762237e+01 1.050785264207330970e-03
1.469724338684639861e+03 1.204177153051492333e+01 1.050670365608512725e-03
1.469745172511337842e+03 1.204499777026045493e+01 1.052498948300821351e-03
1.469766006337104955e+03 1.204826163872580480e+01 1.054280297908355207e-03
1.469786840161474174e+03 1.205816396065919527e+01 1.063589524002368390e-03
1.469807673984912981e+03 1.205775028440200458e+01 1.062494848313973086e-03
1.469828507807418418e+03 1.206131169655411384e+01 1.064984776572153961e-03
1.469849341628993898e+03 1.206514636457108658e+01 1.067438235579159459e-03
1.469870175449637827e+03 1.206809181075044712e+01 1.070215164134493985e-03
1.469891009268885682e+03 1.207199174181338996e+01 1.071986209563220542e-03
1.469911843087200850e+03 1.207537074123496623e+01 1.075165672535034062e-03
1.469932676904585605e+03 1.208026146571269344e+01 1.078315774562752958e-03
1.469953510721038128e+03 1.208117305096721417e+01 1.078823605242550327e-03
1.469974344536560011e+03 1.208284328652878337e+01 1.079885031891127372e-03
1.469995178350685364e+03 1.208280276075618609e+01 1.079989954720683102e-03
1.470016012164344374e+03 1.208524365911971188e+01 1.081568726571440365e-03
1.470036845976606855e+03 1.208354095700302544e+01 1.079650504831242705e-03
1.470057679787937559e+03 1.208374046288448689e+01 1.080410687180111823e-03
1.470078513597870369e+03 1.208647604115795637e+01 1.082823781774885832e-03
1.470099347407338882e+03 1.208673654595316549e+01 1.083057109772244796e-03
1.470120181215410867e+03 1.207846195860973104e+01 1.075472844864201229e-03
1.470141015022550619e+03 1.208012418285941791e+01 1.077275417411263474e-03
1.470161848828759048e+03 1.207819037779135130e+01 1.076030453381379703e-03
1.470182682634036610e+03 1.207796564748394808e+01 1.076361277815827489e-03
1.470203516438381939e+03 1.207500212699794595e+01 1.074093707334110260e-03
1.470224350241330967e+03 1.206739609531535784e+01 1.069210690959785390e-03
1.470245184043815016e+03 1.206564707137981785e+01 1.067750777182688120e-03
1.470266017844901853e+03 1.206497900445079630e+01 1.067270111396573327e-03
1.470286851645057141e+03 1.206054887408982701e+01 1.064179293039776856e-03
1.470307685444279286e+03 1.205963381832954617e+01 1.063799855128377218e-03
1.470328519242105813e+03 1.206088746781142440e+01 1.064597378872995503e-03
1.470349353039467587e+03 1.205826053776151774e+01 1.062388528244729256e-03
1.470370186835431014e+03 1.205839379580496740e+01 1.062642181697749221e-03
1.470391020630464936e+03 1.205812284993145944e+01 1.061537457739768165e-03
1.470411854424565945e+03 1.205727573914142958e+01 1.061281768404708642e-03
1.470432688217269970e+03 1.205720785885812774e+01 1.060977940973770097e-03
1.470453522009508561e+03 1.205806890456891445e+01 1.062161200227047450e-03
1.470474355800350622e+03 1.205589245852575964e+01 1.059982460103381504e-03
1.470495189590726568e+03 1.206111304398123529e+01 1.064989379109549435e-03
1.470516023379705985e+03 1.205799909520379209e+01 1.062540450063930407e-03
1.470536857167288417e+03 1.205855174017620435e+01 1.063068210395314798e-03
1.470557690954404052e+03 1.205525277847568155e+01 1.060284258559884970e-03
1.470578524740124067e+03 1.205219042799090978e+01 1.057258166556639296e-03
1.470599358525377511e+03 1.205127554863527095e+01 1.056794839990755344e-03
1.470620192309233971e+03 1.205106913248117273e+01 1.056890647994411384e-03
1.470641026092160701e+03 1.205244654250046210e+01 1.058904093883309165e-03
1.470661859874154288e+03 1.205048600923884017e+01 1.057332295984751052e-03
1.470682693654752029e+03 1.204774170455826265e+01 1.054895133653247245e-03
1.470703527434883654e+03 1.204297743258397624e+01 1.050613487308651702e-03
1.470724361213617613e+03 1.204605826137647995e+01 1.053786149251208747e-03
1.470745194991421158e+03 1.204299274135097697e+01 1.051121505282620995e-03
1.470766028768292927e+03 1.204499864339721960e+01 1.053251724842700675e-03
1.470786862544233372e+03 1.204695042100289371e+01 1.055341012513606909e-03
1.470807696318776834e+03 1.204503710216564905e+01 1.053202663427212299e-03
1.470828530092855544e+03 1.204333652543404831e+01 1.052057880071339277e-03
1.470849363865535452e+03 1.204469101426107969e+01 1.053242814275177691e-03
1.470870197637284946e+03 1.203884357452000486e+01 1.048078085028989088e-03
1.470891031408104027e+03 1.204195917687539286e+01 1.051191723957823525e-03
1.470911865177992013e+03 1.204187030786663115e+01 1.051719894151264319e-03
1.470932698946482105e+03 1.204168661174139743e+01 1.050872661540821476e-03
1.470953532714041103e+03 1.203842119619083206e+01 1.047861508951679170e-03
1.470974366481133529e+03 1.203939984408332187e+01 1.048642415045489317e-03
1.470995200246828972e+03 1.204260497246702144e+01 1.051094381226207967e-03
1.471016034011127886e+03 1.204558858710581326e+01 1.054113165632303197e-03
1.471036867774962047e+03 1.204937563421176883e+01 1.056719722407580822e-03
1.471057701537863977e+03 1.204938958024484563e+01 1.056287978877741823e-03
1.471078535299368923e+03 1.205569355005841459e+01 1.061254021346186944e-03
1.471099369059943911e+03 1.205615923757906494e+01 1.061243645750150960e-03
1.471120202819585529e+03 1.205906734583160755e+01 1.063337812579500784e-03
1.471141036578295825e+03 1.205670011328799518e+01 1.060545440016068047e-03
1.471161870336076845e+03 1.206802892977343866e+01 1.070543065898042854e-03
1.471182704092459517e+03 1.206397950413650300e+01 1.066445802537958898e-03
1.471203537847910866e+03 1.206254942894602777e+01 1.064443001391554176e-03
1.471224371602431347e+03 1.206773156102825872e+01 1.068606444187686789e-03
1.471245205356020506e+03 1.206826030849717846e+01 1.068394925196049618e-03
1.471266039108677433e+03 1.207301216634105145e+01 1.073133522425688850e-03
1.471286872860403491e+03 1.207302457194450973e+01 1.072424161458770606e-03
1.471307706610732566e+03 1.207441967531557481e+01 1.073082352961875598e-03
1.471328540360131001e+03 1.207749663894869130e+01 1.075921193963489233e-03
1.471349374108598113e+03 1.207651787767449392e+01 1.074831377401490318e-03
1.471370207856132993e+03 1.207540829687271078e+01 1.073361858311935955e-03
1.471391041602737005e+03 1.208100863949732151e+01 1.079161739981673949e-03
1.471411875347944033e+03 1.207865717478859757e+01 1.076610163170119974e-03
1.471432709092684490e+03 1.207600355484357557e+01 1.075257162797804570e-03
1.471453542836029101e+03 1.207907094487813993e+01 1.077533087470445043e-03
1.471474376578442843e+03 1.207425834430689626e+01 1.073379969081387792e-03
1.471495210319924809e+03 1.207003130252989465e+01 1.070032303452295684e-03
1.471557711537850992e+03 1.206901300934531385e+01 1.070710225906028800e-03
1.471578545275141551e+03 1.206229544555808886e+01 1.064833237956279302e-03
1.471599379011499877e+03 1.206312999802620745e+01 1.066538423479130790e-03
1.471620212746463039e+03 1.206045246407594895e+01 1.064415429771813819e-03
1.471641046480960085e+03 1.205864554806011135e+01 1.063127833343454872e-03
1.471661880214060147e+03 1.205780861331618858e+01 1.062222547383087677e-03
1.471703547677465849e+03 1.205919780918534734e+01 1.063527377080833013e-03
1.471724381407771034e+03 1.205904122950927970e+01 1.062996409432236675e-03
1.471745215137145351e+03 1.205925353962727797e+01 1.063676166036670034e-03
1.471786882592169150e+03 1.205842009033712081e+01 1.062362582376508418e-03
1.471807716318284974e+03 1.205874868111352427e+01 1.063487589032439690e-03
1.471828550043468113e+03 1.205687373967952425e+01 1.061375025140246691e-03
1.471849383767720155e+03 1.205521285101229267e+01 1.060110473079466185e-03
1.471870217490576124e+03 1.205658014998150840e+01 1.061638127720551748e-03
1.471891051212965522e+03 1.204940919717092207e+01 1.055371062338341347e-03
1.471911884933957026e+03 1.205107926881828995e+01 1.057542448641295846e-03
1.471932718654019027e+03 1.204603982269361140e+01 1.053068158164277134e-03
1.471953552372683134e+03 1.204862459227555860e+01 1.056172368563383125e-03
1.471974386090882035e+03 1.204444071768414837e+01 1.052780200478699085e-03
1.471995219807683952e+03 1.204443368725554286e+01 1.053308804705832330e-03
1.472016053523554547e+03 1.203975712239129692e+01 1.049342278790424757e-03
1.472036887238492909e+03 1.203835756303484139e+01 1.048556612027341968e-03
1.472057720952500858e+03 1.203735414346754418e+01 1.047881579177528709e-03
1.472078554665111369e+03 1.203333296769469207e+01 1.044748134736353008e-03
1.472099388377256673e+03 1.203409462309101130e+01 1.045828991894879548e-03
1.472120222088004539e+03 1.203008621898133690e+01 1.042574104610949348e-03
1.472141055797821991e+03 1.203356011841138340e+01 1.046186789451764108e-03
1.472161889506241550e+03 1.203090404131176072e+01 1.043441085744340000e-03
1.472182723214195903e+03 1.203136560714651715e+01 1.043923411687596543e-03
1.472203556920752817e+03 1.202956180942776676e+01 1.042413989290572919e-03
1.472224390626379318e+03 1.203057150216192284e+01 1.042912184514200582e-03
1.472245224331073132e+03 1.203410066903775544e+01 1.046377503131105382e-03
1.472266058034836078e+03 1.203543721178462178e+01 1.047065831352178740e-03
1.472286891737202041e+03 1.203611037430557040e+01 1.047231276937819278e-03
1.472307725439102342e+03 1.203734857503127920e+01 1.047629355618484755e-03
1.472328559139607023e+03 1.204220431686298376e+01 1.051395440055145859e-03
1.472349392839179018e+03 1.204656694719893473e+01 1.054340702176810368e-03
1.472370226537354029e+03 1.204576354542602523e+01 1.053935695664281373e-03
1.472391060235063833e+03 1.205273392854439685e+01 1.058916197261210862e-03
1.472411893931377108e+03 1.205668945754151622e+01 1.062156914829386371e-03
1.472432727626757014e+03 1.205588859417011172e+01 1.061676372061243255e-03
1.472453561321206962e+03 1.205826038165699110e+01 1.062683859647092473e-03
1.472474395014260153e+03 1.205735699804050398e+01 1.061268317045294726e-03
1.472495228706847001e+03 1.205950344225860782e+01 1.062773980052994418e-03
1.472516062398038002e+03 1.206316939443843417e+01 1.066279063691292096e-03
1.472536896088296999e+03 1.206295389129314088e+01 1.065833829062054440e-03
1.472557729777159011e+03 1.206628187971728572e+01 1.068875672437123942e-03
1.472578563465555817e+03 1.206368923343987909e+01 1.066224084438648296e-03
1.472599397152554957e+03 1.206321595986809214e+01 1.065457104093718360e-03
1.472620230838622319e+03 1.206003921362769482e+01 1.063311432072361990e-03
1.472641064523758814e+03 1.206042353380503052e+01 1.063805814970348066e-03
1.472661898207499689e+03 1.205907217898725214e+01 1.063199098337776422e-03
1.472682731890773539e+03 1.205935464141986202e+01 1.063345445887354211e-03
1.472703565572650859e+03 1.205974005912281832e+01 1.063876153706427201e-03
1.472724399253596857e+03 1.205580497786670691e+01 1.060383259897860857e-03
1.472745232933145417e+03 1.205602914855182384e+01 1.061175334224001045e-03
1.472766066612228997e+03 1.205443591533476244e+01 1.059794844478120649e-03
1.472786900289915593e+03 1.205422374856206602e+01 1.059834834719359988e-03
1.472807733966669502e+03 1.205584390050890953e+01 1.061019506166944364e-03
1.472828567642026428e+03 1.205184519973310664e+01 1.057752878740874682e-03
1.472849401316918829e+03 1.205408483764005645e+01 1.060020723419704408e-03
1.472870234990414701e+03 1.205028177727850469e+01 1.056867890532440287e-03
1.472891068662977887e+03 1.205308886472852059e+01 1.058791995287131256e-03
1.472911902334611113e+03 1.205011765317798833e+01 1.056201823847485125e-03
1.472932736004846902e+03 1.205340340831678247e+01 1.058903694494480515e-03
1.472953569674150913e+03 1.205046546167039878e+01 1.055967835853993978e-03
1.472974403342524056e+03 1.205349441805532429e+01 1.058750261807194209e-03
1.472995237009965876e+03 1.205576769504632395e+01 1.061197899542181680e-03
1.473016070676010031e+03 1.205545813361383978e+01 1.060316425887161858e-03
1.473036904341588979e+03 1.205706599792268996e+01 1.061830670394688482e-03
1.473057738005305055e+03 1.205915447503604909e+01 1.063462892749346498e-03
1.473078571668555469e+03 1.205778328826515278e+01 1.062218338095992799e-03
1.473099405330875015e+03 1.205727113859595256e+01 1.062210832033510946e-03
1.473120238991797578e+03 1.205547769026662586e+01 1.060564691221826472e-03
1.473141072651323157e+03 1.205497235969866665e+01 1.060847664792168542e-03
1.473161906310383074e+03 1.205223846014118827e+01 1.058358400548365654e-03
1.473182739968046008e+03 1.205110245923515677e+01 1.057512777077777811e-03
1.473203573624777164e+03 1.204656144295485731e+01 1.053633294755630277e-03
1.473224407280577907e+03 1.204597422122934169e+01 1.053635657256554118e-03
1.473245240935445509e+03 1.204480632880923530e+01 1.053072329400203677e-03
1.473266074588917036e+03 1.204202261456218892e+01 1.050442113555027316e-03
1.473286908241458150e+03 1.204156810083162021e+01 1.050871003698499503e-03
1.473307741893067487e+03 1.203935526799856781e+01 1.049397534893106243e-03
1.473328575543279385e+03 1.203808665530230826e+01 1.048628270982502296e-03
1.473349409192559961e+03 1.203484862723395388e+01 1.046009064648642647e-03
1.473370242840910578e+03 1.203189297936454594e+01 1.044008091404068257e-03
1.473391076487862392e+03 1.203125827512455714e+01 1.043237014373368191e-03
1.473411910134349910e+03 1.203334691811468993e+01 1.045605094074410170e-03
1.473432743779439988e+03 1.203326207122227842e+01 1.045657589031234779e-03
1.473453577423133083e+03 1.202826759448203653e+01 1.040973533746576609e-03
1.473474411066359608e+03 1.202931310039890178e+01 1.041997085849632543e-03
1.473495244708189603e+03 1.202786906316820570e+01 1.040691497050750657e-03
1.473516078348622614e+03 1.203045796332020778e+01 1.042822553171265411e-03
1.473536911988589964e+03 1.203374889926104885e+01 1.045627903705301925e-03
1.473557745627161012e+03 1.203381440450010764e+01 1.045550605870965936e-03
1.473578579264800510e+03 1.203742376668602354e+01 1.047616116648166515e-03
1.473599412901043024e+03 1.204109892173375584e+01 1.050466301910127440e-03
1.473620246536353989e+03 1.204478039096866127e+01 1.053097298526919131e-03
1.473641080170733858e+03 1.204473899745540599e+01 1.052873144551633210e-03
1.473661913804181950e+03 1.204793710018614306e+01 1.055161434188399416e-03
1.473682747436233967e+03 1.205358012496287756e+01 1.059826677842620399e-03
1.473703581067353525e+03 1.205394597985381999e+01 1.059718960817156164e-03
1.473724414697075645e+03 1.205801783235301095e+01 1.062803409452007424e-03
1.473745248313760840e+03 1.205513487381010584e+01 1.060191412080030513e-03
1.473766081941620996e+03 1.205548544242296849e+01 1.059908391054817465e-03
1.473786915568549830e+03 1.205765559739120008e+01 1.061839175949862287e-03
1.473807749194082589e+03 1.206128982211927081e+01 1.065152386388758862e-03
1.473828582818683572e+03 1.206077636619959037e+01 1.064861433370571696e-03
1.473849416441887115e+03 1.205748041093569434e+01 1.060999711365430073e-03
1.473870250064625907e+03 1.205961039285743475e+01 1.063435100681047211e-03
1.473891083685967033e+03 1.206176955228455583e+01 1.065562454392650826e-03
1.473911917305911629e+03 1.206093904480034240e+01 1.064788413633362910e-03
1.473932750924923994e+03 1.205751403768345398e+01 1.061841391895461395e-03
1.473953584543005945e+03 1.205666323330387790e+01 1.061270114856232389e-03
1.473974418159690458e+03 1.205917350226429008e+01 1.063569368196893433e-03
1.473995251775441830e+03 1.205231337965413019e+01 1.057822814027654457e-03
1.474016085390264834e+03 1.205309827160639635e+01 1.058853928990962506e-03
1.474036919003689945e+03 1.205526715837149787e+01 1.061451483543127128e-03
1.474057752616182825e+03 1.205173206694617249e+01 1.057789878221278203e-03
1.474078586227745973e+03 1.205049674968662821e+01 1.057515752169327231e-03
1.474099419837911000e+03 1.204982697743794695e+01 1.056670455608403223e-03
1.474120253447144933e+03 1.205275365721839798e+01 1.059709025823671585e-03
1.474141087054983018e+03 1.205070349115543671e+01 1.057923457718550455e-03
1.474161920662354078e+03 1.205127332358685699e+01 1.058170563518810812e-03
1.474182754267862038e+03 1.205080229811397352e+01 1.057834897906087491e-03
1.474203587872440039e+03 1.204906145138687457e+01 1.057287578223960970e-03
1.474224421476086036e+03 1.204942706639073613e+01 1.056289627708631787e-03
1.474245255078800028e+03 1.205173914488470999e+01 1.058394551921066837e-03
1.474266088680118173e+03 1.205329004780177549e+01 1.059479857912287541e-03
1.474286922280503859e+03 1.204859503994124914e+01 1.055712657299368246e-03
1.474307755879493016e+03 1.205164876158174891e+01 1.058514654637066326e-03
1.474328589477551986e+03 1.204749539446185658e+01 1.055058992656953808e-03
1.474349423074213064e+03 1.205134226158847532e+01 1.058436993709998023e-03
1.474370256669943046e+03 1.204861180490609129e+01 1.056435824500755313e-03
1.474391090264742161e+03 1.204450993251409940e+01 1.052681827948778737e-03
1.474411923858142927e+03 1.204462274741923444e+01 1.053241761705357759e-03
1.474432757450148074e+03 1.204411281477452711e+01 1.052692319090981106e-03
1.474453591041687105e+03 1.204259253349747638e+01 1.051814226874458330e-03
1.474474424631363945e+03 1.204058124002969343e+01 1.050021737310484959e-03
1.474495258220573987e+03 1.203885219007543483e+01 1.048669156168505548e-03
1.474516091808387500e+03 1.203943248019665369e+01 1.049525278945110003e-03
1.474536925394805166e+03 1.204068196861082463e+01 1.051384068900497112e-03
1.474557758980289464e+03 1.203241142975789302e+01 1.044306207046859745e-03
1.474578592564841983e+03 1.203591990881347051e+01 1.047444608543709587e-03
1.474599426148000020e+03 1.203790234076579679e+01 1.049946112249583929e-03
1.474620259729759709e+03 1.203219536011465607e+01 1.044549475050263101e-03
1.474682760468986544e+03 1.203487984318747017e+01 1.046566944209188343e-03
1.474724427622727944e+03 1.203606684925189185e+01 1.047093802708911735e-03
1.474745261197968375e+03 1.203695713928914657e+01 1.048159439101905774e-03
1.474766094771811822e+03 1.204010473789718816e+01 1.050091215401856466e-03
1.474786928344724856e+03 1.204155317643034984e+01 1.051481920352836203e-03
1.474807761916239997e+03 1.204257327343714401e+01 1.051658258840318123e-03
1.474828595486823815e+03 1.204591990207212682e+01 1.054527824243325484e-03
1.474849429056012013e+03 1.204671457364259268e+01 1.054185074405822016e-03
1.474870262624267525e+03 1.204943443792400970e+01 1.057087903772225201e-03
1.474891096191125598e+03 1.205056945278134606e+01 1.057352672504625240e-03
1.474911929757053031e+03 1.205074877954200652e+01 1.057457359519664184e-03
1.474932763321583025e+03 1.205503876818399966e+01 1.060746091159792820e-03
1.474953596884715807e+03 1.205338859314098521e+01 1.058942774053052123e-03
1.474974430446919087e+03 1.205503626617382196e+01 1.060213125124689860e-03
1.474995264008190134e+03 1.205908807946301131e+01 1.064444379036439932e-03
1.475016097567598081e+03 1.205686847750955337e+01 1.061967487265958734e-03
1.475036931126540821e+03 1.205884751656811105e+01 1.064068581764949411e-03
1.475057764683621826e+03 1.205759658046490124e+01 1.062901244139158102e-03
1.475078598240235351e+03 1.205723824662404553e+01 1.062594408776943106e-03
1.475099431794987140e+03 1.205522987604881457e+01 1.061191871547066245e-03
1.475120265348808061e+03 1.205675239400222409e+01 1.062407640649444106e-03
1.475141098901696978e+03 1.205293690235820314e+01 1.059095838202157771e-03
1.475161932453188911e+03 1.205614789189543146e+01 1.061803097661043150e-03
1.475182766003284542e+03 1.205522853499317826e+01 1.061109264059025264e-03
1.475203599552447940e+03 1.205254538113128682e+01 1.058756704555457052e-03
1.475224433100214355e+03 1.205625575038951247e+01 1.062342086031551214e-03
1.475245266646585151e+03 1.205655129459862351e+01 1.063157801384490573e-03
1.475266100192022577e+03 1.205585731785332548e+01 1.062824409325161413e-03
1.475286933736063020e+03 1.205443033999919855e+01 1.061958287776990821e-03
1.475307767279173504e+03 1.205470679662238531e+01 1.062084896997962701e-03
1.475328600820886550e+03 1.205428792571249019e+01 1.061331604489007454e-03
1.475349434361202384e+03 1.204972380292248246e+01 1.057640593288764353e-03
1.475370267900588033e+03 1.205259789236672319e+01 1.060601411576726034e-03
1.475391101438575333e+03 1.205401140844183949e+01 1.061812213377608420e-03
1.475411934975165877e+03 1.205045305327480953e+01 1.058696060057568973e-03
1.475432768510826008e+03 1.205696068357915429e+01 1.064757565814745044e-03
1.475453602045088701e+03 1.205618810382419248e+01 1.063763297062360726e-03
1.475474435577953955e+03 1.205664044904120935e+01 1.064217701516406277e-03
1.475495269109889023e+03 1.205592439816572004e+01 1.063963780373294648e-03
1.475516102640425970e+03 1.205426187452176556e+01 1.062498108625765762e-03
1.475536936170031368e+03 1.205469813962489667e+01 1.063077799019352147e-03
1.475557769697775029e+03 1.205714930719492628e+01 1.066113423960079760e-03
1.475578603224587368e+03 1.205400149504291107e+01 1.064013527820947911e-03
1.475599436750468158e+03 1.205371607941922285e+01 1.064009057500712400e-03
1.475620270274485847e+03 1.205144932966476468e+01 1.061942267849100285e-03
1.475641103797573123e+03 1.205005084591380360e+01 1.061205658710293520e-03
1.475661937319262051e+03 1.204972089111104872e+01 1.061131238105441276e-03
1.475682770840021021e+03 1.204864262987940826e+01 1.060986674333978504e-03
1.475703604358916891e+03 1.204828255067322118e+01 1.061425853466947244e-03
1.475724437876880529e+03 1.204402562582871639e+01 1.057746961489679791e-03
1.475745271393912844e+03 1.204273610537076422e+01 1.056997130293533833e-03
1.475766104909083879e+03 1.204129817880735409e+01 1.056433449980401533e-03
1.475786938423323136e+03 1.204097815072843858e+01 1.056776451683474850e-03
1.475807771936164954e+03 1.204295323403186835e+01 1.059011757295875858e-03
1.475828605447611153e+03 1.204258132726926789e+01 1.059225573871110148e-03
1.475849438958124665e+03 1.203985395697653615e+01 1.056745004091458502e-03
1.475870272467241193e+03 1.204082628226783314e+01 1.058404166901203997e-03
1.475911939481283980e+03 1.204263171898041840e+01 1.060959741701480823e-03
1.478474463443366403e+03 1.203639081384006992e+01 1.055416431925692905e-03
1.478495297079838565e+03 1.204371874945248955e+01 1.058871736029376844e-03
1.478516130714913515e+03 1.204113403418850936e+01 1.053709298574126039e-03
1.478536964349056461e+03 1.204321328376136968e+01 1.054373653765789494e-03
1.478557797982268994e+03 1.204576120117561544e+01 1.056171968107405502e-03
1.478578631614549977e+03 1.204301666213619804e+01 1.053316768413883192e-03
1.478599465245433976e+03 1.204670400929268226e+01 1.056847242294860255e-03
1.478620298875386652e+03 1.204743751934637785e+01 1.057241686818903830e-03
1.478641132504408461e+03 1.204614581326497458e+01 1.055087663358400671e-03
1.478661966132032376e+03 1.205217066969109929e+01 1.061345419243867050e-03
1.478682799758259534e+03 1.205124538318798066e+01 1.059573510997559006e-03
1.478703633383555371e+03 1.205227969340798033e+01 1.060335461516533030e-03
1.478724467007920339e+03 1.205443400292370804e+01 1.061987425483279599e-03
1.478745300630888551e+03 1.205343995056230533e+01 1.060951508741894396e-03
1.478766134252459551e+03 1.205799003542622394e+01 1.064821788783993067e-03
1.478786967872632431e+03 1.205809931744851760e+01 1.064564686653473062e-03
1.478807801491874443e+03 1.205845693498830329e+01 1.064637581633948909e-03
1.478828635109719471e+03 1.205848779864675535e+01 1.064795311499875264e-03
1.478849468726633404e+03 1.205583567763591013e+01 1.062304062462121656e-03
1.478870302341685601e+03 1.205267537696686908e+01 1.059546257202392166e-03
1.478891135955805566e+03 1.205266076930854524e+01 1.060173728342405893e-03
1.478911969568994664e+03 1.205061507276317911e+01 1.058667261136777031e-03
1.478932803180320661e+03 1.204829863860508787e+01 1.056786155639244211e-03
1.478953636790715336e+03 1.205190080796630525e+01 1.060284730808985039e-03
1.478974470399713482e+03 1.204512135181274601e+01 1.054484523095048244e-03
1.478995304007314644e+03 1.204526728676983538e+01 1.054857900828503779e-03
1.479016137613518367e+03 1.204470855769391591e+01 1.054415378470353317e-03
1.479036971218790541e+03 1.204380144252716356e+01 1.054002246279992991e-03
1.479057804822666640e+03 1.204456646701102152e+01 1.054283057157025033e-03
1.479078638425145527e+03 1.203860539029741616e+01 1.049276123922831443e-03
1.479099472026226522e+03 1.204643645505288774e+01 1.056190484711273109e-03
1.479120305625911442e+03 1.204450226990643458e+01 1.054415177770924670e-03
1.479141139224664585e+03 1.204448075695498410e+01 1.054313234027033728e-03
1.479161972822021653e+03 1.204169130024454759e+01 1.051632968498246922e-03
1.479182806419377357e+03 1.204560922592578187e+01 1.055366016978189327e-03
1.479203640014405664e+03 1.204411967277632733e+01 1.053621305636781103e-03
1.479224473607571554e+03 1.204630609589067447e+01 1.055238355958491858e-03
1.479245307199804529e+03 1.204806700363859484e+01 1.057156859292292771e-03
1.479266140790640975e+03 1.204227249051189297e+01 1.051277264659067866e-03
1.479286974380081574e+03 1.204576518784415384e+01 1.054443510114355014e-03
1.479307807968124507e+03 1.204851190236433744e+01 1.056856916061727240e-03
1.479328641554770456e+03 1.204838300746565416e+01 1.056170240106490835e-03
1.479349475140485538e+03 1.205002102200626446e+01 1.058460040528398996e-03
1.479370308724803635e+03 1.204841350173219894e+01 1.056557148448221016e-03
1.479391142307724522e+03 1.204657009356441755e+01 1.055588133281964991e-03
1.479411975889713631e+03 1.204794935197844730e+01 1.056536921889205879e-03
1.479432809469840549e+03 1.204448524144701516e+01 1.054432017985667538e-03
1.479453643049035918e+03 1.204443192168200305e+01 1.054220553566942529e-03
1.479474476626834530e+03 1.204195524517740168e+01 1.052137730728367436e-03
1.479495310203701592e+03 1.204314430925223256e+01 1.053802094079168234e-03
1.479516143778706464e+03 1.203879681608555607e+01 1.050027965468554531e-03
1.479536977352779559e+03 1.203622689370081389e+01 1.048339693462315043e-03
1.479557810925456579e+03 1.203400621646412993e+01 1.046700196988211351e-03
1.479578644497201367e+03 1.203088942286739105e+01 1.044591199564446444e-03
1.479599478067083510e+03 1.202892198116847311e+01 1.042484223446637484e-03
1.479620311636034558e+03 1.202966000785220935e+01 1.043653404068937453e-03
1.479641145204054510e+03 1.202763878172255829e+01 1.042342198574940050e-03
1.479661978770210453e+03 1.203091470929644302e+01 1.044648182670241364e-03
1.479682812335435528e+03 1.203031897951174223e+01 1.043894077860134644e-03
1.479703645899264529e+03 1.202688224760318647e+01 1.041466171703212202e-03
1.479724479462161980e+03 1.202914031363889080e+01 1.042615145299860459e-03
1.479745313023662447e+03 1.203442450516858386e+01 1.047343856217453116e-03
1.479766146583765931e+03 1.203636656887304746e+01 1.048731292101631740e-03
1.479786980142472657e+03 1.203669091868637508e+01 1.048842328795642539e-03
1.479807813700248062e+03 1.203722089459620470e+01 1.048663517118496270e-03
1.479828647256627391e+03 1.204032469973938824e+01 1.051505574369519065e-03
1.479849480811608373e+03 1.204097558797356982e+01 1.051591660463877973e-03
1.479870314365658487e+03 1.204504517277625375e+01 1.054683601865352314e-03
1.479891147918311617e+03 1.204459367121160795e+01 1.054056892672206600e-03
1.479911981470032515e+03 1.204461049577147236e+01 1.053223172280730313e-03
1.479932815019891450e+03 1.204694555604862316e+01 1.055441634702932200e-03
1.479953648569284951e+03 1.204648266293435022e+01 1.054733962160686383e-03
1.479974482116815580e+03 1.204934178700018066e+01 1.056967379957260552e-03
1.479995315663414658e+03 1.205342021720788814e+01 1.060869870866004618e-03
1.480016149208617662e+03 1.205095445345475369e+01 1.058710169921754001e-03
1.480036982752888434e+03 1.205237580620057258e+01 1.060196501541880955e-03
1.480057816295762450e+03 1.205173947674238022e+01 1.059671137858927276e-03
1.480078649837704461e+03 1.205234928768701330e+01 1.060081152436542383e-03
1.480099483377783599e+03 1.204999908895994132e+01 1.058226246712068311e-03
1.480120316917397986e+03 1.204456373100807198e+01 1.053120221683846247e-03
1.480141150455149500e+03 1.204710000033236383e+01 1.055727838765610580e-03
1.480161983991970374e+03 1.204321141386796157e+01 1.051904248210838158e-03
1.480182817527859470e+03 1.204296983984295188e+01 1.052703063974096739e-03
1.480203651062351582e+03 1.204287524334961645e+01 1.052451303298940037e-03
1.480224484595446484e+03 1.204193247346802131e+01 1.051583230331612972e-03
1.480245318127610517e+03 1.204266222442137924e+01 1.052164634380398003e-03
1.480266151658377566e+03 1.204197243373511661e+01 1.052155834060164181e-03
1.480286985188212384e+03 1.204331651059301045e+01 1.053159034744597083e-03
1.480307818716651582e+03 1.204492118732241401e+01 1.054641511488450594e-03
1.480328652244158548e+03 1.204263498750940364e+01 1.052942095576940313e-03
1.480349485770268529e+03 1.204040380210499173e+01 1.050859387107037305e-03
1.480370319294981527e+03 1.203713607356435666e+01 1.048241031154664672e-03
1.480391152818763658e+03 1.204131483214550435e+01 1.051989972522222394e-03
1.480411986341614465e+03 1.204186776488939614e+01 1.051857292155018936e-03
1.480432819863067380e+03 1.204019084727069888e+01 1.050511835566136747e-03
1.480453653383124447e+03 1.204085104689976582e+01 1.051111786245043653e-03
1.480474486902249510e+03 1.204333404885652747e+01 1.053316217957241552e-03
1.480495320420443022e+03 1.204295085930853304e+01 1.053471547425642411e-03
1.480516153937239551e+03 1.204325366822173926e+01 1.054135392913645728e-03
1.480536987452639551e+03 1.204481989962098076e+01 1.054907088820352659e-03
1.480557820967108000e+03 1.204429732141415776e+01 1.054556059336073277e-03
1.480578654480179466e+03 1.204359752021466612e+01 1.054073975400524445e-03
1.480599487992320519e+03 1.203875705564318999e+01 1.049429560585788236e-03
1.480620321503529340e+03 1.203771075141933267e+01 1.049289166165933351e-03
1.480641155013341631e+03 1.204290206795793772e+01 1.054335635644241230e-03
1.480661988521756484e+03 1.204096426748870030e+01 1.053191093708488648e-03
1.480682822029240924e+03 1.203532356719380481e+01 1.047742951992599930e-03
1.480703655535793587e+03 1.203508127706565389e+01 1.048059342977266653e-03
1.480724489040949493e+03 1.202851746955802703e+01 1.042181550705060643e-03
1.480745322544707506e+03 1.203265001969874426e+01 1.046332246056245986e-03
1.480766156047534423e+03 1.203051650586311538e+01 1.044715278971663575e-03
1.480786989549430473e+03 1.202370349777459246e+01 1.038753338940669050e-03
1.480807823049929539e+03 1.202581968422691894e+01 1.040792610667065545e-03
1.480828656549497509e+03 1.202777379125358870e+01 1.042371136711176286e-03
1.480849490048133475e+03 1.202491697845439234e+01 1.040035796002275513e-03
1.480870323544906569e+03 1.202537736993999040e+01 1.040865221304855710e-03
1.480891157041214456e+03 1.202293174871407899e+01 1.038989061440890498e-03
1.480911990536125359e+03 1.202501305959966693e+01 1.041120382344851505e-03
1.480932824030104484e+03 1.202260161429424556e+01 1.038692244566315681e-03
1.480953657522686626e+03 1.202274979356123019e+01 1.038730845846274828e-03
1.480974491014337445e+03 1.202705880738066924e+01 1.042993780419247543e-03
1.480995324504591963e+03 1.202719219248228377e+01 1.042981646967900810e-03
1.481016157993914931e+03 1.202752817292787846e+01 1.042934384138179734e-03
1.481036991481840914e+03 1.202762168446461999e+01 1.042646062238620228e-03
1.481057824969301464e+03 1.202939710369703441e+01 1.043736932241850308e-03
1.481078658454898914e+03 1.203171394830821939e+01 1.045686566760082974e-03
1.481099491940030930e+03 1.203451483111612497e+01 1.047408058697896693e-03
1.481120325423765962e+03 1.203388480565213747e+01 1.046394948386245808e-03
1.481141158906104465e+03 1.203770652477164660e+01 1.049802271553326770e-03
1.481161992387510509e+03 1.203754289650690446e+01 1.048997982695046727e-03
1.481182825867986594e+03 1.204118136118255222e+01 1.051629306429786815e-03
1.481203659347064558e+03 1.204417208067372513e+01 1.054051368858348672e-03
1.481224492825211655e+03 1.204575464902390713e+01 1.055369894880049198e-03
1.481245326302427657e+03 1.204089351130469332e+01 1.050718869022137852e-03
1.481266159778246447e+03 1.204579110981245904e+01 1.055288525948989368e-03
1.481307826726624626e+03 1.204766306200324877e+01 1.056475049021821837e-03
1.481328660199650130e+03 1.204231158590896911e+01 1.051571950646553724e-03
1.481349493670812080e+03 1.204539431361597224e+01 1.055228462346449606e-03
1.481370327141507460e+03 1.204547244296085040e+01 1.054959132288182206e-03
1.481391160610807447e+03 1.204318533823279047e+01 1.052902194381502739e-03
1.481411994078709540e+03 1.204280948262282713e+01 1.052932381740766298e-03
1.481432827546146655e+03 1.204318538515492243e+01 1.053188226191040765e-03
1.481453661012186558e+03 1.204349605828122982e+01 1.053595293111560900e-03
1.481474494476829477e+03 1.204176547100154515e+01 1.052342460766647224e-03
1.481495327940541529e+03 1.204100000000000037e+01 1.051762869986445220e-03
1.481516161403321348e+03 1.203681311366415052e+01 1.048570259545123645e-03
1.481536994865170527e+03 1.203937410595899671e+01 1.050248431155568650e-03
1.481557828325622495e+03 1.203922258743157769e+01 1.050084686845316690e-03
1.481578661785142913e+03 1.203702851758583847e+01 1.048150215506044730e-03
1.481599495243732463e+03 1.203803460157763183e+01 1.049479658615864617e-03
1.481620328700924347e+03 1.203864520588171949e+01 1.049874104592331877e-03
1.481641162157185590e+03 1.203865712703332846e+01 1.049966857470232239e-03
1.481661995612049395e+03 1.203698767179671414e+01 1.048295693067295697e-03
1.481682829065982560e+03 1.203823522085325948e+01 1.049413581812599092e-03
1.481703662518983492e+03 1.203836403058124205e+01 1.049331172686127252e-03
1.481724495971053557e+03 1.204196931263223824e+01 1.052976601736111848e-03
1.481745329421726638e+03 1.203912100187555012e+01 1.050121916799728146e-03
1.481766162871467941e+03 1.203971970615981668e+01 1.049840594747805276e-03
1.481786996320277467e+03 1.204118206579494021e+01 1.051645180975199594e-03
1.481807829767690919e+03 1.204319097292709273e+01 1.053014994814006683e-03
1.481828663214173503e+03 1.204174220574102705e+01 1.051634725585123527e-03
1.481849496659723627e+03 1.204180331231644274e+01 1.051684991372680124e-03
1.481870330103877450e+03 1.204469992365080167e+01 1.054560008323025388e-03
1.481891163547100859e+03 1.204346552403127824e+01 1.053534213538731687e-03
1.481911996989392492e+03 1.204182106099576721e+01 1.052216751447189328e-03
1.481932830430752347e+03 1.203836403129595389e+01 1.049286035578987208e-03
1.481953663870715445e+03 1.203831698106018067e+01 1.049437526592912357e-03
1.481974497309746994e+03 1.203625550613446649e+01 1.047991623180356780e-03
1.481995330747381558e+03 1.203541022860700060e+01 1.047391335857700322e-03
1.482016164184550462e+03 1.203148663036044042e+01 1.043839757953570532e-03
1.482036997620322381e+03 1.203013952109596474e+01 1.043424385139583681e-03
1.482057831054697544e+03 1.202756154143184375e+01 1.041434697236370138e-03
1.482078664488606591e+03 1.203075280589599494e+01 1.044587552893299536e-03
1.482099497921118655e+03 1.202499765488936490e+01 1.039369589592036491e-03
1.482120331352699395e+03 1.202544121682469402e+01 1.040601850116055181e-03
1.482141164782883607e+03 1.202446380838036255e+01 1.038947604946554790e-03
1.482161998212602612e+03 1.202499066625117941e+01 1.039462161551796575e-03
1.482182831640923041e+03 1.202444035897346275e+01 1.039314212540773993e-03
1.482203665067846487e+03 1.202744394590748911e+01 1.041568785542383623e-03
1.482224498494305408e+03 1.202797944382982465e+01 1.042583003300050258e-03
1.482245331919366436e+03 1.202705495243247391e+01 1.041285482235541730e-03
1.482266165343497505e+03 1.202729685331556020e+01 1.041805820503894026e-03
1.482286998766696342e+03 1.203266806576657011e+01 1.046380591160956308e-03
1.482307832188498651e+03 1.203171659256851100e+01 1.044451565974141528e-03
1.482328665609369637e+03 1.203356323166911857e+01 1.045958378018219202e-03
1.482349499029308390e+03 1.203348013500733238e+01 1.045626462804319194e-03
1.482370332448316503e+03 1.203950357576088059e+01 1.050618133969483201e-03
1.482391165865928542e+03 1.203740425028783712e+01 1.048158544746455399e-03
1.482411999282609486e+03 1.204351277344551896e+01 1.052875638742472534e-03
1.482432832698357515e+03 1.204865050677499916e+01 1.057023150211848202e-03
1.482453666112709470e+03 1.204792254077442593e+01 1.055726363785952204e-03
1.482474499526594627e+03 1.205108575119481351e+01 1.057940105694853096e-03
1.482495332939083482e+03 1.205142424570510151e+01 1.058353281434797066e-03
1.482516166350175354e+03 1.205175123766217382e+01 1.058472644479105038e-03
1.482536999760801336e+03 1.205129064460385813e+01 1.058176459158661912e-03
1.482557833170031472e+03 1.205039577200293976e+01 1.057197341044104153e-03
1.482578666578328921e+03 1.205012732584287427e+01 1.056953843839490920e-03
1.482599499985695047e+03 1.204875982001582635e+01 1.056363713626087743e-03
1.482620333392129396e+03 1.205077303383206200e+01 1.057986559225505439e-03
1.482641166797167443e+03 1.204992758201176706e+01 1.057520080428101840e-03
1.482662000201274623e+03 1.204664777855208513e+01 1.054969313354217359e-03
1.482682833604450479e+03 1.204575510293803653e+01 1.054904729406717706e-03
1.482703667006228443e+03 1.204521802000838981e+01 1.054433173726626420e-03
1.482724500407541655e+03 1.204098860505971125e+01 1.050839474867724162e-03
1.482745333807457428e+03 1.203958022418336071e+01 1.049594487679858133e-03
1.482766167205976899e+03 1.204139750375044038e+01 1.051437411417379449e-03
1.482787000604030482e+03 1.203852172774766061e+01 1.049253320895504171e-03
1.482807834000686398e+03 1.204018682900877657e+01 1.051157880078595116e-03
1.482828667396412584e+03 1.203759254691639846e+01 1.048544774295862882e-03
1.482849500791206538e+03 1.203859617091458567e+01 1.049584566261580918e-03
1.482870334185069623e+03 1.203569878729366671e+01 1.046881043184800294e-03
1.482891167577534361e+03 1.203664744283077503e+01 1.047420058272407160e-03
1.482912000969068458e+03 1.203350630327019921e+01 1.045385644127445413e-03
1.482932834359671460e+03 1.203781326899923521e+01 1.049052513064014638e-03
1.482953667749342912e+03 1.203692319620063422e+01 1.047682224329764050e-03
1.482974501138083497e+03 1.203880809005345576e+01 1.049509817760147694e-03
1.482995334525426642e+03 1.204092882790217267e+01 1.051655530364521913e-03
1.483016167911838465e+03 1.203808830895838788e+01 1.048674858428328078e-03
1.483037001297318056e+03 1.203784494905223568e+01 1.047919915446916860e-03
1.483057834681400436e+03 1.203913562129910986e+01 1.048798398731935581e-03
1.483078668065018519e+03 1.203814155108885053e+01 1.048614243455830812e-03
1.483099501447239618e+03 1.203903336452459172e+01 1.049273405282827353e-03
1.483120334828528939e+03 1.204064730579520059e+01 1.050925332946539125e-03
1.483141168208421504e+03 1.203893234448658589e+01 1.049333238947729391e-03
1.483162001587848408e+03 1.203792795980721309e+01 1.048516820218832512e-03
1.483182834965878556e+03 1.203661380590958174e+01 1.048183773623661066e-03
1.483203668342976925e+03 1.203449772648301774e+01 1.046271326571784682e-03
1.483224501719144428e+03 1.203315936315105539e+01 1.045042628618569674e-03
1.483245335093914946e+03 1.202786756923599043e+01 1.040381605252853857e-03
1.483266168468220485e+03 1.203052674232111841e+01 1.043415615151321385e-03
1.483287001841128586e+03 1.202868710886304449e+01 1.042150521601921094e-03
1.483307835213104454e+03 1.202830989591840627e+01 1.042307452047237879e-03
1.483328668583683339e+03 1.202569816461624086e+01 1.039906564627313601e-03
1.483349501953797471e+03 1.202478045048919064e+01 1.039116656466426876e-03
1.483370335322514620e+03 1.202539612985878748e+01 1.040875899645473269e-03
1.483391168690299537e+03 1.202612068187951344e+01 1.041380993833219450e-03
1.483412002057153586e+03 1.202317764627037100e+01 1.038694771562479000e-03
1.483432835423076540e+03 1.202198224777851721e+01 1.037457190605787106e-03
1.483453668787601600e+03 1.202179784304519217e+01 1.037728574588017705e-03
1.483474502151195338e+03 1.202170872967093906e+01 1.038125814141310343e-03
1.483495335513858663e+03 1.201852677031152261e+01 1.035426210971678810e-03
1.483516168875589983e+03 1.202194469060463078e+01 1.038095858075691611e-03
1.483537002236390435e+03 1.201917723671579452e+01 1.035135479161246666e-03
1.483557835595793904e+03 1.202075410324440874e+01 1.036038354065495649e-03
1.483578668954266504e+03 1.202554708110910830e+01 1.040395130981395817e-03
1.483599502311806646e+03 1.202373728237868455e+01 1.038798481587242589e-03
1.483620335668416374e+03 1.202175878979900503e+01 1.036740176785291888e-03
1.483641169023628663e+03 1.202852676770066331e+01 1.042052193439414352e-03
1.483662002378376656e+03 1.203054607702600620e+01 1.043185345824732425e-03
1.483682835731726982e+03 1.203398092983979595e+01 1.046234962022798065e-03
1.483703669084145531e+03 1.203575696348559454e+01 1.047294948420833668e-03
1.483724502435167551e+03 1.203620293644432593e+01 1.047373924121937057e-03
1.483745335785723000e+03 1.203814747269787411e+01 1.048675546288710880e-03
1.483766169134881920e+03 1.204421283939473497e+01 1.054406596309090567e-03
1.483787002483109518e+03 1.204092982578471016e+01 1.051407561210206641e-03
1.483807835830405566e+03 1.204734458454752222e+01 1.056568716555130252e-03
1.483828669176770518e+03 1.204384865566456675e+01 1.053485755030674322e-03
1.483849502521738486e+03 1.204167138910939094e+01 1.051145568132316223e-03
1.483870335866240566e+03 1.204284157990985804e+01 1.052271270519855671e-03
1.483891169209344980e+03 1.204168541602969000e+01 1.051118019571908088e-03
1.483912002551518981e+03 1.203882433143124686e+01 1.049208130716472844e-03
1.483932835892295998e+03 1.203903383378683500e+01 1.049286392609009725e-03
1.483953669232607353e+03 1.203868900000394149e+01 1.049382044383718451e-03
1.483974502571521498e+03 1.203691854719708410e+01 1.047984289240536321e-03
1.483995335909504547e+03 1.203740784701325950e+01 1.048372134131418752e-03
1.484016169246556501e+03 1.203336989172298566e+01 1.045583328115511209e-03
1.484037002582212153e+03 1.203444770016420229e+01 1.046133789634250870e-03
1.484057835917401462e+03 1.203476553731511167e+01 1.046672441155165577e-03
1.484078669251193560e+03 1.203411532340077095e+01 1.046457484715948572e-03
1.484099502584054562e+03 1.203241865584338122e+01 1.044625654178844322e-03
1.484120335915984469e+03 1.203277138889096598e+01 1.045436605149574830e-03
1.484141169246982372e+03 1.202964756441967609e+01 1.042074929110981332e-03
1.484162002576583518e+03 1.203255742083145385e+01 1.045049221332102754e-03
1.484182835905253341e+03 1.203112510566088211e+01 1.043984222286462428e-03
1.484203669232991615e+03 1.203476417883670457e+01 1.047058572988490439e-03
1.484224502559798566e+03 1.203488829979142949e+01 1.047102668898155673e-03
1.484245335885674649e+03 1.203587507828800618e+01 1.047875487373581575e-03
1.484266169210153521e+03 1.203400204893906711e+01 1.045856997666126751e-03
1.484287002533700615e+03 1.203645879537216246e+01 1.048176735710728289e-03
1.484307835856315933e+03 1.203537151491990898e+01 1.046746296479945286e-03
1.484328669178000382e+03 1.203755585736300482e+01 1.048656062605279708e-03
1.484349502498754646e+03 1.203761061049796588e+01 1.048847540409402011e-03
1.484370335818111471e+03 1.203853559277827223e+01 1.049170910623945050e-03
1.484391169136536519e+03 1.203646281814352825e+01 1.047109762849316762e-03
1.484432835770594465e+03 1.203409262626651888e+01 1.045485535525356559e-03
1.484453669086225545e+03 1.203673871201780621e+01 1.047669978417630973e-03
1.484474502400459642e+03 1.203785452314291682e+01 1.049085312307383028e-03
1.484495335714228531e+03 1.203564192908565289e+01 1.046962160288463298e-03
1.484516169026600437e+03 1.203403194135753829e+01 1.045834232901182975e-03
1.484537002337574904e+03 1.203053858750761940e+01 1.043195791861228081e-03
1.484557835648083937e+03 1.203078769911480528e+01 1.043781825651235451e-03
1.484578668957195987e+03 1.202854236750068573e+01 1.042247824490583931e-03
1.484599502265376486e+03 1.202478285904419586e+01 1.038842000427278546e-03
1.484620335560984586e+03 1.202555963999525623e+01 1.039631236469523278e-03
1.484641168867302440e+03 1.202562247902815606e+01 1.040068813545514488e-03
1.484662002172689427e+03 1.202463342801448576e+01 1.039564318982948979e-03
1.484682835476678974e+03 1.202239656232162801e+01 1.037793522400071730e-03
1.484703668779737654e+03 1.201847841192775412e+01 1.034395537621402277e-03
1.484724502081864102e+03 1.201932880969905426e+01 1.035220580558714057e-03
1.484745335383059000e+03 1.201758230664184168e+01 1.034506842690014264e-03
1.484766168682858506e+03 1.202114729226753909e+01 1.036997334894028963e-03
1.484787001982192578e+03 1.202350391561142651e+01 1.039487908790583766e-03
1.484807835280128529e+03 1.202284594173405097e+01 1.038695682485999425e-03
1.484828668577133612e+03 1.202331508640300228e+01 1.038918604432694003e-03
1.484849501873206918e+03 1.202641855190947062e+01 1.041369125257926749e-03
1.484870335167883468e+03 1.202340839666096883e+01 1.037747453189544807e-03
1.484891168461628467e+03 1.203049098436481579e+01 1.044116983789642296e-03
1.484912001754442372e+03 1.203155217378989228e+01 1.044552914116622698e-03
1.484932835046325636e+03 1.203081944380536328e+01 1.043160202473245425e-03
1.484953668337276440e+03 1.203250962924288991e+01 1.044308818589111077e-03
1.484974501627296377e+03 1.203517246109967154e+01 1.046506244813824810e-03
1.484995334915919557e+03 1.203731162301623492e+01 1.047844822060034877e-03
1.485016168203610960e+03 1.204086448559380074e+01 1.050911116669905583e-03
1.485037001490371495e+03 1.204115723456744114e+01 1.050749272361571791e-03
1.485057834775734591e+03 1.204085778892077663e+01 1.050830184476952804e-03
1.485078668060632481e+03 1.204260746699647733e+01 1.052028712418261311e-03
1.485099501344132932e+03 1.204251205961537785e+01 1.052276448949504084e-03
1.485120334626702970e+03 1.204605414102923078e+01 1.055491005086090167e-03
1.485141167908341004e+03 1.204488401857435775e+01 1.054017153093028680e-03
1.485162001188581598e+03 1.204338982202759567e+01 1.052493998577815537e-03
1.485182834468356532e+03 1.204436061670763003e+01 1.053262208677036059e-03
1.485203667746735391e+03 1.204225371386421628e+01 1.051005355361105164e-03
1.485224501024182473e+03 1.204173958528530441e+01 1.051160821491976208e-03
1.485245334300232571e+03 1.204435471039460026e+01 1.054027775790728014e-03
1.485266167575816553e+03 1.204161106733126552e+01 1.051103378366806916e-03
1.485287000850004461e+03 1.203977306672644332e+01 1.049531701289156335e-03
1.485307834123260363e+03 1.204115237680312767e+01 1.051155901048878970e-03
1.485328667395585398e+03 1.203612042830724072e+01 1.046562136682160395e-03
1.485349500666512995e+03 1.203604665433941356e+01 1.046494129587414827e-03
1.485370333936975385e+03 1.203449216495980245e+01 1.045860775501071798e-03
1.485391167206040336e+03 1.203655273349553134e+01 1.047725226187163185e-03
1.485412000474174420e+03 1.203843483726872243e+01 1.048950192947948950e-03
1.485432833740911519e+03 1.203837113555136185e+01 1.048988451133472423e-03
1.485453667007182958e+03 1.203766871945156680e+01 1.048675469077063865e-03
1.485474500272057412e+03 1.203941744151235049e+01 1.049661183259163397e-03
1.485495333536000544e+03 1.203814223399445105e+01 1.048545813896862569e-03
1.485516166799012353e+03 1.203958391230855263e+01 1.049466942882473471e-03
1.485537000061092385e+03 1.204039242290339295e+01 1.049760289307361547e-03
1.485557833321774979e+03 1.204084846863645097e+01 1.050443316396131596e-03
1.485578666581526477e+03 1.204236496690351288e+01 1.051930050797327031e-03
1.485599499840347562e+03 1.204142593584479570e+01 1.050872972939522572e-03
1.485620333097770526e+03 1.204158719482182782e+01 1.050721221702164776e-03
1.485641166354728512e+03 1.204614229449918206e+01 1.055430634215513653e-03
1.485661999610289513e+03 1.204164249502481177e+01 1.050296364261607898e-03
1.485682832864919419e+03 1.204573611991110127e+01 1.054220511012833204e-03
1.485703666118617548e+03 1.204240473578284387e+01 1.051700469236985886e-03
1.485724499370919602e+03 1.204573707007285499e+01 1.054205824302785434e-03
1.485745332622289425e+03 1.204443505603042475e+01 1.053419740925967815e-03
1.485766165872727925e+03 1.204217397857325800e+01 1.051807480343018922e-03
1.485786999122236011e+03 1.204126248904647944e+01 1.051014415825036801e-03
1.485807832370347569e+03 1.203851208481344592e+01 1.048630184916385637e-03
1.485828665617991646e+03 1.203746803720570568e+01 1.047690668899441905e-03
1.485849498864239649e+03 1.203929677622872951e+01 1.049902775142037272e-03
1.485870332109090441e+03 1.203642526095172727e+01 1.047711466126864969e-03
1.485891165353475571e+03 1.203643379312979533e+01 1.047240397142390868e-03
1.485911998596463491e+03 1.203439061821577383e+01 1.045554619752479125e-03
1.485932831838520542e+03 1.203239836355615822e+01 1.044491869134999903e-03
1.485953665079646498e+03 1.203527849362902025e+01 1.046870855454585299e-03
1.485974498319374106e+03 1.203432299713702314e+01 1.046392134750105543e-03
1.485995331558636508e+03 1.203279657659893864e+01 1.044775494618389389e-03
1.486016164796501926e+03 1.203229625920696577e+01 1.044578427339913239e-03
1.486036998032970587e+03 1.203353842878702018e+01 1.045507464162548448e-03
1.486057831268974496e+03 1.203140738653927322e+01 1.043431306320254364e-03
1.486078664503580512e+03 1.203511343532885469e+01 1.047137619673052522e-03
1.486099497737255660e+03 1.203147050698534137e+01 1.043744178012235256e-03
1.486120330969999486e+03 1.203133927692702443e+01 1.043847680703492145e-03
1.486141164201346555e+03 1.203416781762259191e+01 1.046712540489646301e-03
1.486161997431762529e+03 1.203154080650880431e+01 1.043848143069440624e-03
1.486182830661246498e+03 1.203714438997912772e+01 1.049740132508959279e-03
1.486203663889798463e+03 1.203265165502246070e+01 1.044079121256622205e-03
1.486224497116954353e+03 1.203559926476232356e+01 1.046499054992419252e-03
1.486245330343178466e+03 1.203787607890581590e+01 1.048201028889351539e-03
1.486266163568471484e+03 1.203853668703742130e+01 1.049086723979216927e-03
1.486286996792367518e+03 1.204119584584582192e+01 1.051180924363360461e-03
1.486307830015798572e+03 1.203746516685971635e+01 1.047671074683860027e-03
1.486328663237831506e+03 1.203875026559820682e+01 1.048278911494427822e-03
1.486349496458467911e+03 1.203967347944507083e+01 1.049377155947449824e-03
1.486370329678638427e+03 1.204130722902502981e+01 1.050968665558265833e-03
1.486391162897412414e+03 1.203913136122463889e+01 1.049248499442452043e-03
1.486411996115253942e+03 1.203689400627309425e+01 1.047089818759460583e-03
1.486432829331698940e+03 1.203929876571937108e+01 1.049998751718296021e-03
1.486453662547214208e+03 1.203631221966904263e+01 1.047992966585266231e-03
1.486474495761797471e+03 1.203143740502242665e+01 1.043229589355248099e-03
1.486495328975448501e+03 1.202903411668579103e+01 1.041478597197025317e-03
1.486516162188168437e+03 1.203005322364576024e+01 1.042974664802119502e-03
1.486536995399492525e+03 1.202982722751857558e+01 1.043110117587807200e-03
1.486557828609418493e+03 1.202795190134859737e+01 1.041558789288736736e-03
1.486578661818878572e+03 1.202925592364478646e+01 1.042928623923277016e-03
1.486599495026942350e+03 1.202635301346819752e+01 1.040272046541409036e-03
1.486620328234074350e+03 1.202568430347042217e+01 1.039716940518203240e-03
1.486641161439809366e+03 1.202817960281693388e+01 1.042346954532841858e-03
1.486661994645079631e+03 1.202397590848744535e+01 1.037891394699372565e-03
1.486682827848952456e+03 1.202701601131212605e+01 1.040972928602427409e-03
1.486703661051427389e+03 1.202882726369901789e+01 1.042563743193168288e-03
1.486724494253437570e+03 1.202903602204210998e+01 1.042451667139835357e-03
1.486745327454050539e+03 1.202910216481934036e+01 1.042415158048046750e-03
1.486766160653266525e+03 1.202958957004532792e+01 1.042504624048461647e-03
1.486786993852017531e+03 1.202575395616080733e+01 1.039203280360698894e-03
1.486807827049371554e+03 1.202597179849017905e+01 1.039762983797324703e-03
1.486828660245327455e+03 1.202598724078676717e+01 1.039471215742064766e-03
1.486849493440817469e+03 1.202584933969485625e+01 1.039077277509653291e-03
1.486870326634910953e+03 1.203040043347111343e+01 1.043349419922959308e-03
1.486891159828073341e+03 1.202737255884884426e+01 1.040906405386405080e-03
1.486911993019838519e+03 1.202637542868354537e+01 1.039917921871246235e-03
1.486932826210672374e+03 1.202844658612218076e+01 1.041856623483985436e-03
1.486953659400575361e+03 1.202745500968799242e+01 1.040772780303872653e-03
1.486974492589081365e+03 1.202928196272969430e+01 1.042487033313721067e-03
1.486995325776655591e+03 1.202579645491740656e+01 1.039789532901216158e-03
1.487016158963298949e+03 1.203001088567110166e+01 1.042882911017137563e-03
1.487036992148545551e+03 1.202905439036185875e+01 1.041982500151057613e-03
1.487057825332859920e+03 1.203135140898576694e+01 1.044336569959355412e-03
1.487078658516243650e+03 1.202872525746116139e+01 1.042346836245462618e-03
1.487099491698230850e+03 1.202488486258871880e+01 1.039292392010463841e-03
1.487120324879286500e+03 1.202632652948147118e+01 1.040664923523189084e-03
1.487141158058944484e+03 1.202397134089192932e+01 1.039023651591272288e-03
1.487161991237671373e+03 1.202464469933348745e+01 1.039737319596608506e-03
1.487182824415467621e+03 1.202070206160695953e+01 1.036305605086720915e-03
1.487203657591865522e+03 1.202163163687170133e+01 1.036718979191824036e-03
1.487224490767333464e+03 1.202188974103986574e+01 1.037490572542184306e-03
1.487245323941868492e+03 1.202237805873152254e+01 1.038071834826008672e-03
1.487266157115006536e+03 1.202383750518560213e+01 1.038824729793521445e-03
1.487286990287214394e+03 1.202242292340195995e+01 1.037298848179568763e-03
1.487307823458490475e+03 1.202438273714004424e+01 1.038826951148289325e-03
1.487328656628369572e+03 1.202344549963828335e+01 1.038121451195965494e-03
1.487349489796852595e+03 1.202566079199185900e+01 1.039950065302914107e-03
1.487370322964868592e+03 1.202207249523887889e+01 1.036573065935340789e-03
1.487391156131488515e+03 1.202891785445284434e+01 1.042368592058650701e-03
1.487411989296711454e+03 1.202886361274387284e+01 1.042244417504428495e-03
1.487432822461003070e+03 1.202947051806835255e+01 1.042030646014207185e-03
1.487453655624364501e+03 1.203085930769776368e+01 1.043503684740027795e-03
1.487474488786327584e+03 1.203013467433100026e+01 1.042633810827208168e-03
1.487495321947358661e+03 1.203205849884637324e+01 1.044182966735810380e-03
1.487516155106993438e+03 1.203496632100751640e+01 1.046801161049531765e-03
1.487557821423469477e+03 1.203487902052493119e+01 1.046071474314083215e-03
1.487578654579844624e+03 1.203696997247550016e+01 1.048404968740676612e-03
1.487599487735288449e+03 1.203560785461171889e+01 1.046652269604252681e-03
1.487620320889335517e+03 1.203871888534321677e+01 1.049645000250923289e-03
1.487641154042450580e+03 1.203540546115779541e+01 1.046284513232813209e-03
1.487661987194168432e+03 1.203567678869487878e+01 1.046803878041871212e-03
1.487682820344954507e+03 1.203466146313594543e+01 1.045406302458473007e-03
1.487703653494344962e+03 1.203320843736801571e+01 1.044709734596960087e-03
1.487724486642803640e+03 1.203652323537277269e+01 1.048220108660629203e-03
1.487745319790332360e+03 1.203302175462569856e+01 1.045070961422962666e-03
1.487766152936463641e+03 1.203151227041791849e+01 1.044070891604642138e-03
1.487786986081662917e+03 1.203410894989285929e+01 1.046417564985759356e-03
1.487807819225465664e+03 1.202832590903868493e+01 1.041744835513369475e-03
1.487828652367870518e+03 1.202945844952457399e+01 1.042792214197877168e-03
1.487849485509344504e+03 1.202713770766873758e+01 1.040741094409363115e-03
1.487870318649886940e+03 1.202962192874107217e+01 1.042984601588073249e-03
1.487891151789032392e+03 1.203081102123166168e+01 1.043858411486577823e-03
1.487911984927246976e+03 1.202814673862580008e+01 1.041798987749008483e-03
1.487932818064064577e+03 1.203256399137517541e+01 1.045729891110610231e-03
1.487953651199950400e+03 1.202883484235143108e+01 1.042197411927858275e-03
1.487974484334439467e+03 1.202997522518059981e+01 1.043141701488946608e-03
1.487995317467997438e+03 1.202897987054882378e+01 1.042065473975253799e-03
1.488016150600157971e+03 1.203195751692972770e+01 1.044826064083995056e-03
1.488036983730921520e+03 1.203559586026707073e+01 1.048235769119706300e-03
1.488057816860754428e+03 1.203626379605362295e+01 1.047976881355389654e-03
1.488078649989655560e+03 1.203540914745821233e+01 1.046924607301021829e-03
1.488099483117159480e+03 1.203859559352192221e+01 1.049685448718058441e-03
1.488120316243266643e+03 1.203789326305464868e+01 1.048734919956603685e-03
1.488141149368442484e+03 1.203899890516714244e+01 1.049610948154073783e-03
1.488161982492687457e+03 1.203919484690118225e+01 1.050088254087979409e-03
1.488182815615068648e+03 1.203793659652516901e+01 1.048396595639111218e-03
1.488203648736985542e+03 1.203826334459189873e+01 1.048653316481013139e-03
1.488224481857038427e+03 1.204305561051365103e+01 1.052842741350884124e-03
1.488245314976160444e+03 1.203818821192444588e+01 1.048708565624657547e-03
1.488266148094351593e+03 1.204034496020646472e+01 1.050333399944405801e-03
1.488286981211145530e+03 1.204014733911526669e+01 1.051046960914475518e-03
1.488307814326542484e+03 1.203787133035085155e+01 1.049240380630450881e-03
1.488328647441008343e+03 1.203975636792927162e+01 1.050922015639526707e-03
1.488349480554076990e+03 1.203737129267008754e+01 1.048595172026740114e-03
1.488370313666214543e+03 1.203733770172732775e+01 1.048526979304580933e-03
1.488391146776490132e+03 1.203772031045330060e+01 1.049463496036373046e-03
1.488411979886299378e+03 1.203647373608847992e+01 1.048227675680049337e-03
1.488432812994245523e+03 1.203730241982478688e+01 1.049132021025087199e-03
1.488453646101260347e+03 1.202989105667115943e+01 1.042816425981190438e-03
1.488474479207344530e+03 1.203478576752355700e+01 1.047136074692181203e-03
1.488495312312031501e+03 1.203247565741548009e+01 1.045279647480930937e-03
1.488516145415320352e+03 1.203568514688950764e+01 1.048040557134698918e-03
1.488536978517212447e+03 1.203535014993128627e+01 1.047529170465836927e-03
1.488557811618173901e+03 1.203714029337426084e+01 1.049495579287573971e-03
1.488578644717738371e+03 1.203744264012864029e+01 1.049088083156487008e-03
1.488599477816371518e+03 1.204143684137166836e+01 1.052969807550908693e-03
1.488620310913607454e+03 1.203623850165716291e+01 1.048301385514005665e-03
1.488641144009446634e+03 1.203792951357044139e+01 1.048893371675066986e-03
1.488661977103889512e+03 1.203772126985050939e+01 1.048872542018124132e-03
1.488682810197399931e+03 1.203800337687652267e+01 1.048785220868951812e-03
1.488703643289513366e+03 1.203900292590971155e+01 1.049770360911354622e-03
1.488724476380231408e+03 1.204048275148002567e+01 1.050806626873643321e-03
1.488745309470017446e+03 1.204022287909051947e+01 1.050412545892884415e-03
1.488766142558406500e+03 1.204325915899365818e+01 1.053279387562482388e-03
1.488786975645397433e+03 1.204362603112474339e+01 1.052960833202596898e-03
1.488807808731458408e+03 1.204189759329320353e+01 1.051109675272303510e-03
1.488828641815655374e+03 1.204245391138064392e+01 1.052012437147698638e-03
1.488849474898922381e+03 1.204280200757425945e+01 1.052538908879378440e-03
1.488870307981257611e+03 1.204632432289301924e+01 1.055814135431943409e-03
1.488891141061729513e+03 1.203811980046589092e+01 1.047882596760624837e-03
1.488911974141270548e+03 1.204188431228389788e+01 1.051126174328312953e-03
1.488932807219413917e+03 1.204472714852654036e+01 1.053962296380982558e-03
1.488953640296160529e+03 1.204143082399550302e+01 1.051599869261995134e-03
1.488974473371510612e+03 1.204026563844219488e+01 1.050115369663817255e-03
1.488995306445929600e+03 1.203817923747283025e+01 1.049126924212836955e-03
1.489016139518950922e+03 1.203564768168419441e+01 1.046737145004752404e-03
1.489036972590575488e+03 1.203924168795524174e+01 1.050470345966234790e-03
1.489057805660804206e+03 1.203325996336227277e+01 1.045051167061892064e-03
1.489078638729635486e+03 1.203302714784555505e+01 1.044839286821660921e-03
1.489099471797535443e+03 1.203203261421852055e+01 1.044201465770306682e-03
1.489120304864037507e+03 1.203375973901742135e+01 1.045943013881098444e-03
1.489141137929143497e+03 1.203455733642295478e+01 1.046847265637851397e-03
1.489161970992851366e+03 1.203515218351386196e+01 1.047288036733836410e-03
1.489182804055163615e+03 1.203290834118264740e+01 1.045815368894134493e-03
1.489203637116077971e+03 1.202930231253071192e+01 1.042283462036324966e-03
1.489224470176061459e+03 1.202770232438704667e+01 1.041146933172198757e-03
1.489245303234647508e+03 1.202844897882867592e+01 1.041650230959289321e-03
1.489266136291836574e+03 1.202944829957485418e+01 1.042730654605806368e-03
1.489286969347629565e+03 1.203081522412039206e+01 1.043886535203226301e-03
1.489307802402024663e+03 1.202976245792436494e+01 1.043354224476406673e-03
1.489328635455022550e+03 1.203311767909376506e+01 1.045286606431440309e-03
1.489349468507089114e+03 1.203477617982741421e+01 1.046648757502223991e-03
1.489370301557292350e+03 1.203744627591362537e+01 1.048701918193084906e-03
1.489391134606566538e+03 1.204174077050850755e+01 1.052153973327100457e-03
1.489411967654443515e+03 1.204044568723534958e+01 1.050575088473394182e-03
1.489432800700922598e+03 1.204002731888589928e+01 1.049751357039700782e-03
1.489453633746004471e+03 1.203954878306698362e+01 1.049324367508657320e-03
1.489474466789689359e+03 1.203834535414898887e+01 1.048374518796351502e-03
1.489495299831977491e+03 1.204250420587335313e+01 1.052391243235192148e-03
1.489516132873334527e+03 1.203856999962670038e+01 1.048797638387851229e-03
1.489536965912828464e+03 1.203958074056600402e+01 1.049721781823604542e-03
1.489557798951391533e+03 1.203886291962167299e+01 1.049029649586105542e-03
1.489578631988557390e+03 1.203788860562452889e+01 1.048200518286244434e-03
1.489599465024326491e+03 1.203751543661260115e+01 1.048091306514113263e-03
1.489620298058698609e+03 1.203756250506473080e+01 1.048289271507284962e-03
1.489641131092138494e+03 1.204039833652960034e+01 1.051440685224333928e-03
1.489661964123716643e+03 1.203581641641845401e+01 1.046712339184830386e-03
1.489682797154363470e+03 1.203516898071989338e+01 1.046441175690892775e-03
1.489703630183612404e+03 1.203447644671188499e+01 1.046157971264887344e-03
1.489724463211466173e+03 1.203563838112733642e+01 1.047117101200912203e-03
1.489745296238388619e+03 1.203565924222905537e+01 1.047345152975848008e-03
1.489766129263912035e+03 1.203348473345487157e+01 1.045570372440604622e-03
1.489786962288038467e+03 1.203642269788539210e+01 1.047892404616406056e-03
1.489807795310768597e+03 1.203439901110379751e+01 1.046531838868395171e-03
1.489828628332567405e+03 1.203880834775116604e+01 1.049922084605379785e-03
1.489849461352969911e+03 1.203376789635930422e+01 1.044911565514370722e-03
1.489870294372440640e+03 1.203667361152575666e+01 1.047820281623874916e-03
1.489891127390514612e+03 1.203945297341356024e+01 1.049781386550358844e-03
1.489911960407656352e+03 1.204117820393769200e+01 1.051290936419120711e-03
1.489932793423402472e+03 1.204014125450037831e+01 1.050296715203413462e-03
1.489953626438216361e+03 1.204552591336334366e+01 1.054464676695177506e-03
1.489974459452099381e+03 1.204069753555347511e+01 1.049849602147710651e-03
1.489995292465050625e+03 1.204534974667477698e+01 1.054081622435378961e-03
1.490016125476605339e+03 1.204585430941503610e+01 1.054089632647956833e-03
1.490036958487693937e+03 1.204645581370011165e+01 1.054297628150635286e-03
