1.816099304199218750e+03 1.210642628312006686e+01 1.237870153621877444e-03
1.816120178222656250e+03 1.210930045754095374e+01 1.241124714306257506e-03
1.816140991210937500e+03 1.211010037494695268e+01 1.242181840049353617e-03
1.816161804199218750e+03 1.211034167990501587e+01 1.241705650166823440e-03
1.816182678222656250e+03 1.211274727473536217e+01 1.243654677657498979e-03
1.816203491210937500e+03 1.211224508139781086e+01 1.243365068774035910e-03
1.816224304199218750e+03 1.211189775552820080e+01 1.242458484639239434e-03
1.816245178222656250e+03 1.210971585223660796e+01 1.240500177211911227e-03
1.816265991210937500e+03 1.211296135700069776e+01 1.245932897537675201e-03
1.816286804199218750e+03 1.211384860017790643e+01 1.244499292903491865e-03
1.816307678222656250e+03 1.211107433902937380e+01 1.241805638275888862e-03
1.816328491210937500e+03 1.211386618077106014e+01 1.244083480299364077e-03
1.816349304199218750e+03 1.211467332267379327e+01 1.246213315929636757e-03
1.816370178222656250e+03 1.211546935589132801e+01 1.246570779131139827e-03
1.816390991210937500e+03 1.211306073960846774e+01 1.243783512340526165e-03
1.816411804199218750e+03 1.211545533555049126e+01 1.246846521983123414e-03
1.816432678222656250e+03 1.211532160611046827e+01 1.246149406396632056e-03
1.816453491210937500e+03 1.211415095770451700e+01 1.246426976375618074e-03
1.816474304199218750e+03 1.211331059005316213e+01 1.244434317527570201e-03
1.816495178222656250e+03 1.211488192328614133e+01 1.245376995992313225e-03
1.816515991210937500e+03 1.211346929808298434e+01 1.245259202943543560e-03
1.816536804199218750e+03 1.211323640761815135e+01 1.247031214824170396e-03
1.816557678222656250e+03 1.211473990389892030e+01 1.246939971759535764e-03
1.816578491210937500e+03 1.210963233105333714e+01 1.241097151549109667e-03
1.816599304199218750e+03 1.211255546548801298e+01 1.243685292784402424e-03
1.816620178222656250e+03 1.211193665300932309e+01 1.243051844731204265e-03
1.816640991210937500e+03 1.211180959298622817e+01 1.242901702802728806e-03
1.816661804199218750e+03 1.211130317621301167e+01 1.242701812569097213e-03
1.816682678222656250e+03 1.210581004034071384e+01 1.237096969559915672e-03
1.816703491210937500e+03 1.210558198091754889e+01 1.236502730787614667e-03
1.816724304199218750e+03 1.210650184404230778e+01 1.239005600804473934e-03
1.816745178222656250e+03 1.210965838612106538e+01 1.241220063013081425e-03
1.816765991210937500e+03 1.210740915211306046e+01 1.239100750472737914e-03
1.816786804199218750e+03 1.210761435500861793e+01 1.239222161633247912e-03
1.816807678222656250e+03 1.210634428177436384e+01 1.238055959723801140e-03
1.816828491210937500e+03 1.210898017809391725e+01 1.241043419651068069e-03
1.816849304199218750e+03 1.211063419687682874e+01 1.242587582145835735e-03
1.816870178222656250e+03 1.211129736141657354e+01 1.242623710172897043e-03
1.816890991210937500e+03 1.211307649461969227e+01 1.243832158607004537e-03
1.816911804199218750e+03 1.210965949396744534e+01 1.240503623614288686e-03
1.816932678222656250e+03 1.211081836946394219e+01 1.242864600565998616e-03
1.816953491210937500e+03 1.211528145588464334e+01 1.246245828837835596e-03
1.816974304199218750e+03 1.211279305385181715e+01 1.243131934369728258e-03
1.816995178222656250e+03 1.211164108339298728e+01 1.245853421642019801e-03
1.817015991210937500e+03 1.211473014923327796e+01 1.246268953895179020e-03
1.817036804199218750e+03 1.211218698704711016e+01 1.243218764935708886e-03
1.817057678222656250e+03 1.211835045860930471e+01 1.249335151146577531e-03
1.817078491210937500e+03 1.210990238027304322e+01 1.240246491628882106e-03
1.817099304199218750e+03 1.211195141269361564e+01 1.242558382304840723e-03
1.817120178222656250e+03 1.211070091774650592e+01 1.241820174069805261e-03
1.817140991210937500e+03 1.211381806902216418e+01 1.244779565583592875e-03
1.817161804199218750e+03 1.211581074544575642e+01 1.247399857387475417e-03
1.817182678222656250e+03 1.211609997128598692e+01 1.247307533769571528e-03
1.817203491210937500e+03 1.211265884064726350e+01 1.243619736504921131e-03
1.817224304199218750e+03 1.211654936070245192e+01 1.247559257911622695e-03
1.817245178222656250e+03 1.211622642364544866e+01 1.250977831633657460e-03
1.817265991210937500e+03 1.211390247177011936e+01 1.245001468952657226e-03
1.817286804199218750e+03 1.211138245704132643e+01 1.242870080633219155e-03
1.817307678222656250e+03 1.211313867310946613e+01 1.244864903806453113e-03
1.817328491210937500e+03 1.211045814111816910e+01 1.242747149382534113e-03
1.817349365234375000e+03 1.210974901126911263e+01 1.240953878859894517e-03
1.817370178222656250e+03 1.211006959213805168e+01 1.242351488257906807e-03
1.817391052246093750e+03 1.210874044054918208e+01 1.239625333820665396e-03
1.817411865234375000e+03 1.210580901870469717e+01 1.237476330489993169e-03
1.817432678222656250e+03 1.210745625367744616e+01 1.238794740253631923e-03
1.817453552246093750e+03 1.210731882070166421e+01 1.239196638732035930e-03
1.817474365234375000e+03 1.210750582245162121e+01 1.238744007485336309e-03
1.817495178222656250e+03 1.210753974889119711e+01 1.240590762979903831e-03
1.817516052246093750e+03 1.210903302127681158e+01 1.240723165478620389e-03
1.817536865234375000e+03 1.210967514519093413e+01 1.241584493370123622e-03
1.817557678222656250e+03 1.211001610085963698e+01 1.241386720662705648e-03
1.817578552246093750e+03 1.210911282363891317e+01 1.241628934016180633e-03
1.817599365234375000e+03 1.211250300592285534e+01 1.243755213812594834e-03
1.817620178222656250e+03 1.211111282251567722e+01 1.243041701825588598e-03
1.817641052246093750e+03 1.211392221748936215e+01 1.246039120054363587e-03
1.817661865234375000e+03 1.211012866758762385e+01 1.241386950668236762e-03
1.817682678222656250e+03 1.211170291658278764e+01 1.243228385503664666e-03
1.817703552246093750e+03 1.210798231729101460e+01 1.238712264683188447e-03
1.817724365234375000e+03 1.211309711959282609e+01 1.245012095500490313e-03
1.817745178222656250e+03 1.211289129004348375e+01 1.243884040996979471e-03
1.817766052246093750e+03 1.211536558564550603e+01 1.246308504970898004e-03
1.817786865234375000e+03 1.211400381193111464e+01 1.245221009803254043e-03
1.817807678222656250e+03 1.211300171901124756e+01 1.244437527043565838e-03
1.817828552246093750e+03 1.211695661308091232e+01 1.248793857435599947e-03
1.817849365234375000e+03 1.211624082012106385e+01 1.247722452921408431e-03
1.817870178222656250e+03 1.211504263806761550e+01 1.246023250408077702e-03
1.817891052246093750e+03 1.211674919594228861e+01 1.248245119579734176e-03
1.817911865234375000e+03 1.211512395641459250e+01 1.246125340833782475e-03
1.817932678222656250e+03 1.211132853732803660e+01 1.242948536215262526e-03
1.817953552246093750e+03 1.211295949811153250e+01 1.243968578940923006e-03
1.817974365234375000e+03 1.211366590041040858e+01 1.244697561009342835e-03
1.817995178222656250e+03 1.211150654648510994e+01 1.243116845875955707e-03
1.818016052246093750e+03 1.211474265772870318e+01 1.246584794779790175e-03
1.818036865234375000e+03 1.211401058252067031e+01 1.245950636705571522e-03
1.818057678222656250e+03 1.211220926372331874e+01 1.243881236916620503e-03
1.818078552246093750e+03 1.211301107504964314e+01 1.245530744043983878e-03
1.818099365234375000e+03 1.211293314319360093e+01 1.244564158200956328e-03
1.818120178222656250e+03 1.210977712698533537e+01 1.241073414955719614e-03
1.818141052246093750e+03 1.210788425161568327e+01 1.239486106784684757e-03
1.818161865234375000e+03 1.210831128443527760e+01 1.239946962645004742e-03
1.818182678222656250e+03 1.210875569945814867e+01 1.242545385650266343e-03
1.818203552246093750e+03 1.211195504245642240e+01 1.243596458312018786e-03
1.818224365234375000e+03 1.210668629922171036e+01 1.240521923588738763e-03
1.818245178222656250e+03 1.210723093496237901e+01 1.239144136644565854e-03
1.818266052246093750e+03 1.210608005092367279e+01 1.237802519192677869e-03
1.818286865234375000e+03 1.210633763210892866e+01 1.239923173799705727e-03
1.818307678222656250e+03 1.210908311998154474e+01 1.242669494612992989e-03
1.818328552246093750e+03 1.210827474721805430e+01 1.240161853733319107e-03
1.818349365234375000e+03 1.210588978120754788e+01 1.238149421382135369e-03
1.818370178222656250e+03 1.211072333824352931e+01 1.244051385800747827e-03
1.818391052246093750e+03 1.211089455587868891e+01 1.242514787460613545e-03
1.818411865234375000e+03 1.211233312598877099e+01 1.244614666020382732e-03
1.818432678222656250e+03 1.211319320867827010e+01 1.245070300895596664e-03
1.818453552246093750e+03 1.211915810159137408e+01 1.251650945352077203e-03
1.818474365234375000e+03 1.211415691681827589e+01 1.244346912999568216e-03
1.818495178222656250e+03 1.211865065792021134e+01 1.250646884562801268e-03
1.818516052246093750e+03 1.211406475329518528e+01 1.245930613354440716e-03
1.818536865234375000e+03 1.211640974552390482e+01 1.248028348396433866e-03
1.818557678222656250e+03 1.211306801112693421e+01 1.244158066740772180e-03
1.818578552246093750e+03 1.211281038700529500e+01 1.244118533586353057e-03
1.818599365234375000e+03 1.211682949305593482e+01 1.248648278345869996e-03
1.818620178222656250e+03 1.211434080657955015e+01 1.246911166028680891e-03
1.818641052246093750e+03 1.211376222319656826e+01 1.245331210345402683e-03
1.818661865234375000e+03 1.211456482526585710e+01 1.247019796689290529e-03
1.818682678222656250e+03 1.211343463079148819e+01 1.245285115570577902e-03
1.818703552246093750e+03 1.211127700220093395e+01 1.243027354974653468e-03
1.818724365234375000e+03 1.211282467182044087e+01 1.246250403267856136e-03
1.818745178222656250e+03 1.211291906215122793e+01 1.244229216884235739e-03
1.818766052246093750e+03 1.211569278514549453e+01 1.249376880071527115e-03
1.818786865234375000e+03 1.211393875293487099e+01 1.245444252010143070e-03
1.818807678222656250e+03 1.211842616890436730e+01 1.250379652728847565e-03
1.818828552246093750e+03 1.211191882930522645e+01 1.243888420301838106e-03
1.818849365234375000e+03 1.211186421203025176e+01 1.244372584755410859e-03
1.818870178222656250e+03 1.210947979294906141e+01 1.241283295346849334e-03
1.818891052246093750e+03 1.210821593350299707e+01 1.240997458835840176e-03
1.818911865234375000e+03 1.210970369197230667e+01 1.242578591326685576e-03
1.818932678222656250e+03 1.210493661874555826e+01 1.236306188547675253e-03
1.818953552246093750e+03 1.210563105021140196e+01 1.237724065728786505e-03
1.818974365234375000e+03 1.210611842195444865e+01 1.238697419575895704e-03
1.818995178222656250e+03 1.210763199372545884e+01 1.239927674798777879e-03
1.819016052246093750e+03 1.210867897230677137e+01 1.240839629748479150e-03
1.819036865234375000e+03 1.210587816077005918e+01 1.238419390459625938e-03
1.819057678222656250e+03 1.210698112649598812e+01 1.239090719332095391e-03
1.819078552246093750e+03 1.211068570146697532e+01 1.242632639093488442e-03
1.819099365234375000e+03 1.210914414780162041e+01 1.241155471406661399e-03
1.819120178222656250e+03 1.211037430654517166e+01 1.241865724907384319e-03
1.819141052246093750e+03 1.210759971423194159e+01 1.239866298040590963e-03
1.819161865234375000e+03 1.211229761962167473e+01 1.245460698006852721e-03
1.819182678222656250e+03 1.211283900146044523e+01 1.244175739174051536e-03
1.819203552246093750e+03 1.211377459147991864e+01 1.245450366263110061e-03
1.819224365234375000e+03 1.211346441976962041e+01 1.244864322705907392e-03
1.819245178222656250e+03 1.211578283501363096e+01 1.248492267442705486e-03
1.819266052246093750e+03 1.211385254845006898e+01 1.245902871721065027e-03
1.819286865234375000e+03 1.211640780399601347e+01 1.248270033360918086e-03
1.819307678222656250e+03 1.211520020960328914e+01 1.246753873285940057e-03
1.819328552246093750e+03 1.211746535163894478e+01 1.249770785188093238e-03
1.819349365234375000e+03 1.211744744062547241e+01 1.249857437687042694e-03
1.819370178222656250e+03 1.211485510764329199e+01 1.246449320359809595e-03
1.819391052246093750e+03 1.211555636158037963e+01 1.246955105744957390e-03
1.819411865234375000e+03 1.211449011257937869e+01 1.245648565167160491e-03
1.819432678222656250e+03 1.211639292855009487e+01 1.248356424081764442e-03
1.819453552246093750e+03 1.211443395449959404e+01 1.245836520799568567e-03
1.819474365234375000e+03 1.211586836740927708e+01 1.247214437603601754e-03
1.819495178222656250e+03 1.211620744268568828e+01 1.249952255037085338e-03
1.819516052246093750e+03 1.211477262274534539e+01 1.247324234570162081e-03
1.819536865234375000e+03 1.211265010253968555e+01 1.244219097071205425e-03
1.819557678222656250e+03 1.211316575530199913e+01 1.244854578785657521e-03
1.819578552246093750e+03 1.211212707323278082e+01 1.243918006972103340e-03
1.819599365234375000e+03 1.211262423626211948e+01 1.245177055625921493e-03
1.819620178222656250e+03 1.211396440736329794e+01 1.247137144568400162e-03
1.819641052246093750e+03 1.210841241191917561e+01 1.240290079432423542e-03
1.819661865234375000e+03 1.211099660156913593e+01 1.244167693507695948e-03
1.819682678222656250e+03 1.210934563081223381e+01 1.241688235184304013e-03
1.819703552246093750e+03 1.210922137378060981e+01 1.241332511002802728e-03
1.819724365234375000e+03 1.210513522892232885e+01 1.237129938921781910e-03
1.819745178222656250e+03 1.210900267044457834e+01 1.242168500156229241e-03
1.819766052246093750e+03 1.210546381306111918e+01 1.237415279128983988e-03
1.819786865234375000e+03 1.210710963141104379e+01 1.240337355686062411e-03
1.819807678222656250e+03 1.210845615203152548e+01 1.241463057492194324e-03
1.819828552246093750e+03 1.211026558372103956e+01 1.243611181036865338e-03
1.819849365234375000e+03 1.210652001489935969e+01 1.238100157953376515e-03
1.819870178222656250e+03 1.210581835845168897e+01 1.237705007418117738e-03
1.819891052246093750e+03 1.211071446435378540e+01 1.243678352173536441e-03
1.819911865234375000e+03 1.211088165082842316e+01 1.242535339712366217e-03
1.819932678222656250e+03 1.211197868228978436e+01 1.243922008140726978e-03
1.819953552246093750e+03 1.211500000000000021e+01 1.246982062946957103e-03
1.819974365234375000e+03 1.211853031430753269e+01 1.250760942258274944e-03
1.819995178222656250e+03 1.211887095668029346e+01 1.251977195369434427e-03
1.820016052246093750e+03 1.211911787811299490e+01 1.251002713736248679e-03
1.820036865234375000e+03 1.211292416256275928e+01 1.244132540995785503e-03
1.820057678222656250e+03 1.211830356054353608e+01 1.250032938244070423e-03
1.820078552246093750e+03 1.211716117128767678e+01 1.249602980668399182e-03
1.820099365234375000e+03 1.211672981911698344e+01 1.249519978569263966e-03
1.820120178222656250e+03 1.211806947696545045e+01 1.250508968365035513e-03
1.820141052246093750e+03 1.211654624804081415e+01 1.248542265279195583e-03
1.820161865234375000e+03 1.211428141124537738e+01 1.245969039463887436e-03
1.820182678222656250e+03 1.211941346959824273e+01 1.250985435164957485e-03
1.820203552246093750e+03 1.211960983970161898e+01 1.253203218802706898e-03
1.820224365234375000e+03 1.211908559535109120e+01 1.250543126099039207e-03
1.820245178222656250e+03 1.211535789107768579e+01 1.247836150140409434e-03
1.820266052246093750e+03 1.211718905106743271e+01 1.250829525350259349e-03
1.820286865234375000e+03 1.211715669729649036e+01 1.250950622426817141e-03
1.820307678222656250e+03 1.211630579409506225e+01 1.247977030700794495e-03
1.820328552246093750e+03 1.211400247648103701e+01 1.246489873148333297e-03
1.820349365234375000e+03 1.211215426306924847e+01 1.244702851169206172e-03
1.820370178222656250e+03 1.211016753063841200e+01 1.242486296597699854e-03
1.820391052246093750e+03 1.210714600151429821e+01 1.238865379668620996e-03
1.820411865234375000e+03 1.211219063347250824e+01 1.244620415277694495e-03
1.820432678222656250e+03 1.210927710450415340e+01 1.244861182297405354e-03
1.820453552246093750e+03 1.210789336601893673e+01 1.240176102333162078e-03
1.820474365234375000e+03 1.210572272222006696e+01 1.239567344131265597e-03
1.820495178222656250e+03 1.210875670715411090e+01 1.241828638950021524e-03
1.820516052246093750e+03 1.210867300142097491e+01 1.241813263983706887e-03
1.820536865234375000e+03 1.210700749701580392e+01 1.239569205280696348e-03
1.820557678222656250e+03 1.210852264885801866e+01 1.241383396528099835e-03
1.820578552246093750e+03 1.211126212494330190e+01 1.244035187120508213e-03
1.820599365234375000e+03 1.211064280129318682e+01 1.243325642576669594e-03
1.820620178222656250e+03 1.211044480049693206e+01 1.244500848094636132e-03
1.820641052246093750e+03 1.210866622978305607e+01 1.241898834386589512e-03
1.820661865234375000e+03 1.210998219160036449e+01 1.242677575241204254e-03
1.820682678222656250e+03 1.211192799378934382e+01 1.244375446646326950e-03
1.820703552246093750e+03 1.211015754168716896e+01 1.242988352852935447e-03
1.820724365234375000e+03 1.211362763750842220e+01 1.248154193366667530e-03
1.820745178222656250e+03 1.211267848395129221e+01 1.246066357444708915e-03
1.820766052246093750e+03 1.211603056088338448e+01 1.250260780993643671e-03
1.820786865234375000e+03 1.211556757414060925e+01 1.247897866216087772e-03
1.820807678222656250e+03 1.211634654994616689e+01 1.248181050126418324e-03
1.820828552246093750e+03 1.212330734757400741e+01 1.255786982844268483e-03
1.820849365234375000e+03 1.212374371681418950e+01 1.255799976344719199e-03
1.820870178222656250e+03 1.212086216674244454e+01 1.254145939043040722e-03
1.820891052246093750e+03 1.211941066770689623e+01 1.251014880260877373e-03
1.820911865234375000e+03 1.211910713614654789e+01 1.253617928297249022e-03
1.820932678222656250e+03 1.211832608458518123e+01 1.251144897069269386e-03
1.820953552246093750e+03 1.211936686683644737e+01 1.251999517312895813e-03
1.820974365234375000e+03 1.211666679771879629e+01 1.251026990443723915e-03
1.820995178222656250e+03 1.211593923342734058e+01 1.248726910092671496e-03
1.821016052246093750e+03 1.211774809077475368e+01 1.250745137988333588e-03
1.821036865234375000e+03 1.211648723828375651e+01 1.248687804442916854e-03
1.821057678222656250e+03 1.211566414337700337e+01 1.249706343415935613e-03
1.821078552246093750e+03 1.211717871031051175e+01 1.249587666153293038e-03
1.821099365234375000e+03 1.211584174249550294e+01 1.250142934874169057e-03
1.821120178222656250e+03 1.211423195017687604e+01 1.247003086375634510e-03
1.821161865234375000e+03 1.211042138098833298e+01 1.243620955067124530e-03
1.821182678222656250e+03 1.211024840579290540e+01 1.242628487226238700e-03
1.821203552246093750e+03 1.211231186259426273e+01 1.246391783629879424e-03
1.821224365234375000e+03 1.210569809468742264e+01 1.238696067700262781e-03
1.821245178222656250e+03 1.210700718658121922e+01 1.239171663981722318e-03
1.821266052246093750e+03 1.210648342711050596e+01 1.238829653298078931e-03
1.821286865234375000e+03 1.210695013396756714e+01 1.240637782905406683e-03
1.821307678222656250e+03 1.210542658477762323e+01 1.239151372461980280e-03
1.821328552246093750e+03 1.210829904729485129e+01 1.244447428454672436e-03
1.821349365234375000e+03 1.210706152005061398e+01 1.239661799429553997e-03
1.821370178222656250e+03 1.210667800387238380e+01 1.238742673374959883e-03
1.821391052246093750e+03 1.210961279038226124e+01 1.241784438344447229e-03
1.821411865234375000e+03 1.211236148141454727e+01 1.245199481981006540e-03
1.821432678222656250e+03 1.211479364166392969e+01 1.249346759836320953e-03
1.821453552246093750e+03 1.211064129315445648e+01 1.243018533120101698e-03
1.821474365234375000e+03 1.211337655776876687e+01 1.246496762634803765e-03
1.821495178222656250e+03 1.211374911114679875e+01 1.247237570675332075e-03
1.821516052246093750e+03 1.211418914463401286e+01 1.246118333871189211e-03
1.821536865234375000e+03 1.211519649103864538e+01 1.247711555172387318e-03
1.821557678222656250e+03 1.211358309451150284e+01 1.245585556758551813e-03
1.821578552246093750e+03 1.211625917243198813e+01 1.248644136769118959e-03
1.821599365234375000e+03 1.211335342827572781e+01 1.245261260299173603e-03
1.821620178222656250e+03 1.211866312318146122e+01 1.252813249870319504e-03
1.821641052246093750e+03 1.212139488832869638e+01 1.255094946657478536e-03
1.821661865234375000e+03 1.211868937747187402e+01 1.250821782146704008e-03
1.821682678222656250e+03 1.211798108612058478e+01 1.250272944539785767e-03
1.821703552246093750e+03 1.211611262066683992e+01 1.248435598982904288e-03
1.821724365234375000e+03 1.211584904185997758e+01 1.248729038398287659e-03
1.821745178222656250e+03 1.211686764504611347e+01 1.250076926527772829e-03
1.821766052246093750e+03 1.211939417595909951e+01 1.252100843779577590e-03
1.821786865234375000e+03 1.211751745421424076e+01 1.251340235846571097e-03
1.821807678222656250e+03 1.210929868246972596e+01 1.241622098898527990e-03
1.821828552246093750e+03 1.211192747132262504e+01 1.244337588979468152e-03
1.821849365234375000e+03 1.211182346113595720e+01 1.244468124130166742e-03
1.821870178222656250e+03 1.211119591372854032e+01 1.243702738686485419e-03
1.821891052246093750e+03 1.211382083773448315e+01 1.247271195545107550e-03
1.821911865234375000e+03 1.211163873922171419e+01 1.244779947576571139e-03
1.821932678222656250e+03 1.211095086799303466e+01 1.244191729885216462e-03
1.821953552246093750e+03 1.210667390002967281e+01 1.239708898934285472e-03
1.821974365234375000e+03 1.211367969409425704e+01 1.250090456340255656e-03
1.821995178222656250e+03 1.211164814960502234e+01 1.244983915458390371e-03
1.822016052246093750e+03 1.211368004772080731e+01 1.247544732463454209e-03
1.822036865234375000e+03 1.210749690706441761e+01 1.240613421560502220e-03
1.822057678222656250e+03 1.210837443218913201e+01 1.242320462791937901e-03
1.822078552246093750e+03 1.210542774901009011e+01 1.238435549655730840e-03
1.822099365234375000e+03 1.211012824937139598e+01 1.244462246784195942e-03
1.822120178222656250e+03 1.211003259820338940e+01 1.243993118756532264e-03
1.822141052246093750e+03 1.211022452180379183e+01 1.244753718435583729e-03
1.822161865234375000e+03 1.211022584872688057e+01 1.243121006168311331e-03
1.822182678222656250e+03 1.211179149022096269e+01 1.245077298202916819e-03
1.822203552246093750e+03 1.210744783629763432e+01 1.240005417152411108e-03
1.822224365234375000e+03 1.211210422105154549e+01 1.245878541276274846e-03
1.822245178222656250e+03 1.211437854031941797e+01 1.246685872742493055e-03
1.822266052246093750e+03 1.211388232730164560e+01 1.246390251894396832e-03
1.822286865234375000e+03 1.211350708606380167e+01 1.246227323695580681e-03
1.822307678222656250e+03 1.211520061467590992e+01 1.247495402036448995e-03
1.822328552246093750e+03 1.211930049818311339e+01 1.253113063157649826e-03
1.822349365234375000e+03 1.211675415782820764e+01 1.249989676627057079e-03
1.822370178222656250e+03 1.211534160447623876e+01 1.248293456876014597e-03
1.822391052246093750e+03 1.211715693417672490e+01 1.249936805847563911e-03
1.822411865234375000e+03 1.211098355851684261e+01 1.244265288604986088e-03
1.822432678222656250e+03 1.211611872282631275e+01 1.248784387606234397e-03
1.822453552246093750e+03 1.211290260574081046e+01 1.244911083824024782e-03
1.822474365234375000e+03 1.211277472169061831e+01 1.245382853091697066e-03
1.822495178222656250e+03 1.211591524703776379e+01 1.248422774932275801e-03
1.822516052246093750e+03 1.211490967894309634e+01 1.247491843581659265e-03
1.822536865234375000e+03 1.211648848874115103e+01 1.250590077730574790e-03
1.822557678222656250e+03 1.211769038018331379e+01 1.251227601463101701e-03
1.822578552246093750e+03 1.211190817792648389e+01 1.244296315969521585e-03
1.822599365234375000e+03 1.211123888134149063e+01 1.243824346167998925e-03
1.822620178222656250e+03 1.211383674054638071e+01 1.250016273085505225e-03
1.822641052246093750e+03 1.210902565549227461e+01 1.242217819744984237e-03
1.822661865234375000e+03 1.211244101223680047e+01 1.245475522247622112e-03
1.822682678222656250e+03 1.210692461886774929e+01 1.240118390137544789e-03
1.822703552246093750e+03 1.210807666791404991e+01 1.241578347846957310e-03
1.822724365234375000e+03 1.210968814471807242e+01 1.244839851573650326e-03
1.822745178222656250e+03 1.211066135604446536e+01 1.243485234956289353e-03
1.822766052246093750e+03 1.210797031359549969e+01 1.242132932010269484e-03
1.822786865234375000e+03 1.210894829579832965e+01 1.243082049443733350e-03
1.822807678222656250e+03 1.210987234452849926e+01 1.242959363124071038e-03
1.822828552246093750e+03 1.211044886297073830e+01 1.244118238009535695e-03
1.822849365234375000e+03 1.210904115903313105e+01 1.242604370617372313e-03
1.822870178222656250e+03 1.211285706741766077e+01 1.246215779287114609e-03
1.822891052246093750e+03 1.210872302783894483e+01 1.243950653548454681e-03
1.822911865234375000e+03 1.211095708261844450e+01 1.244814010158289911e-03
1.822932678222656250e+03 1.211226352340144530e+01 1.245455299009273200e-03
1.822953552246093750e+03 1.211359222224183441e+01 1.246681562829688372e-03
1.822974365234375000e+03 1.211606029187476530e+01 1.251847055488050512e-03
1.822995178222656250e+03 1.211371323992310778e+01 1.247802134276485876e-03
1.823016052246093750e+03 1.211295895235419628e+01 1.245848112716094842e-03
1.823036865234375000e+03 1.211294099582527473e+01 1.245095298589582846e-03
1.823057678222656250e+03 1.211671279790834355e+01 1.249594056557354425e-03
1.823078552246093750e+03 1.211922141053240054e+01 1.252517831259443958e-03
1.823099365234375000e+03 1.211558858543302364e+01 1.247278964357458574e-03
1.823120178222656250e+03 1.211787648892541647e+01 1.251435627982671467e-03
1.823141052246093750e+03 1.211957186550579735e+01 1.252409775193613194e-03
1.823161865234375000e+03 1.211812991658892713e+01 1.250527752232888368e-03
1.823182678222656250e+03 1.211911280098351540e+01 1.251565946788967161e-03
1.823203552246093750e+03 1.211413487842799341e+01 1.246475893976613149e-03
1.823224365234375000e+03 1.211985095760803510e+01 1.253014948658035584e-03
1.823245178222656250e+03 1.211504369498790901e+01 1.249492879806303382e-03
1.823266052246093750e+03 1.211713872488564547e+01 1.251306442136010085e-03
1.823286865234375000e+03 1.211484876857916149e+01 1.248554076749922633e-03
1.823307678222656250e+03 1.210928923375702659e+01 1.243756081369883429e-03
1.823328552246093750e+03 1.211229340212614858e+01 1.245671912218342158e-03
1.823349365234375000e+03 1.210927922746207486e+01 1.242945924103300466e-03
1.823370178222656250e+03 1.211071086052874080e+01 1.244053513643759859e-03
1.823391052246093750e+03 1.211306562119408348e+01 1.246286003510519227e-03
1.823411865234375000e+03 1.211382418564154939e+01 1.247984510133931567e-03
1.823432678222656250e+03 1.211013431120859707e+01 1.244376657006800039e-03
1.823453552246093750e+03 1.210832766766724333e+01 1.243055745934750021e-03
1.823474365234375000e+03 1.211040227604801522e+01 1.244638245835851843e-03
1.823495178222656250e+03 1.210902222381903037e+01 1.242222955070757364e-03
1.823516052246093750e+03 1.211046376167669614e+01 1.243418628839242221e-03
1.823536865234375000e+03 1.211051919882696559e+01 1.244803967297863608e-03
1.823557678222656250e+03 1.210984152670415703e+01 1.242663808015032892e-03
1.823578552246093750e+03 1.210798822401072528e+01 1.241414936747568766e-03
1.823599365234375000e+03 1.210836521313821379e+01 1.241555042537580318e-03
1.823620178222656250e+03 1.211308113252588292e+01 1.247877884443703055e-03
1.823641052246093750e+03 1.211499647732859586e+01 1.251824400337457751e-03
1.823661865234375000e+03 1.211585329715215487e+01 1.249489801524311878e-03
1.823682678222656250e+03 1.211265308998856227e+01 1.245282770894982080e-03
1.823703552246093750e+03 1.211081047762381147e+01 1.244667957404782489e-03
1.823724365234375000e+03 1.211468500276894744e+01 1.247193635181351483e-03
1.823745178222656250e+03 1.211681542761492913e+01 1.252171039313347990e-03
1.823766052246093750e+03 1.211445529908009355e+01 1.247527763601505172e-03
1.823786865234375000e+03 1.211734516710582099e+01 1.250387618517877697e-03
1.823807678222656250e+03 1.211785771848829718e+01 1.252534463035828672e-03
1.823828552246093750e+03 1.211412749930541466e+01 1.246696352501193428e-03
1.823849365234375000e+03 1.211755194913961375e+01 1.251665358534591018e-03
1.823870178222656250e+03 1.211845984597858816e+01 1.250905323075949963e-03
1.823891052246093750e+03 1.211649539612689885e+01 1.251500851332280504e-03
1.823911865234375000e+03 1.211733190190742526e+01 1.249980703183777627e-03
1.823932678222656250e+03 1.211497700267619848e+01 1.247913603665974864e-03
1.823953552246093750e+03 1.211734380500539743e+01 1.251294727572971289e-03
1.823974365234375000e+03 1.211736614690064506e+01 1.250182020507796055e-03
1.823995178222656250e+03 1.211363614056495841e+01 1.246706842695798545e-03
1.824016052246093750e+03 1.210914515549432302e+01 1.241959283110578979e-03
1.824036865234375000e+03 1.211326200440431577e+01 1.246135636376512245e-03
1.824057678222656250e+03 1.211317490424420384e+01 1.246267288666541529e-03
1.824078552246093750e+03 1.211187111818588846e+01 1.244860232380937603e-03
1.824099365234375000e+03 1.211339478052971685e+01 1.246191956922845876e-03
1.824120178222656250e+03 1.210991173896975859e+01 1.244099863767009770e-03
1.824141052246093750e+03 1.211260996529959932e+01 1.247606449370798880e-03
1.824161865234375000e+03 1.211098341732484940e+01 1.244784011780460152e-03
1.824182678222656250e+03 1.210618036015802446e+01 1.239449394593100271e-03
1.824203552246093750e+03 1.210977963480371145e+01 1.243608503819373804e-03
1.824224365234375000e+03 1.211106461737733042e+01 1.244843891344146096e-03
1.824245178222656250e+03 1.210619127283663943e+01 1.239442813424968546e-03
1.824266052246093750e+03 1.210713199624101932e+01 1.240700224785874122e-03
1.824286865234375000e+03 1.210596635657681297e+01 1.239759793800913456e-03
1.824307678222656250e+03 1.210967833105802249e+01 1.245018365688272495e-03
1.824328552246093750e+03 1.211036658858582449e+01 1.243958206842418280e-03
1.824349365234375000e+03 1.211035015252511116e+01 1.244619741720670103e-03
1.824370178222656250e+03 1.210937224832494685e+01 1.243058097969257716e-03
1.824390991210937500e+03 1.211191847154425716e+01 1.246306936615388956e-03
1.824411865234375000e+03 1.211229476649423376e+01 1.245765815761467298e-03
1.824432678222656250e+03 1.210894445158871591e+01 1.242844735121630345e-03
1.824453491210937500e+03 1.211247764556827988e+01 1.245509225191807155e-03
1.824474304199218750e+03 1.211205680371984705e+01 1.245564666633445280e-03
1.824495178222656250e+03 1.211537150163497500e+01 1.249783753272152740e-03
1.824515991210937500e+03 1.211281797872299926e+01 1.245953646072333384e-03
1.824536804199218750e+03 1.211416935481646640e+01 1.247386427739903460e-03
1.824557678222656250e+03 1.211631061054483638e+01 1.249867562487117639e-03
1.824578491210937500e+03 1.211516934811303514e+01 1.248369833094873944e-03
1.824599304199218750e+03 1.211252325479555658e+01 1.245340167912018219e-03
1.824620178222656250e+03 1.211355555267734374e+01 1.247414724438329495e-03
1.824640991210937500e+03 1.211422345619791763e+01 1.246748072445605067e-03
1.824661804199218750e+03 1.211617199985447435e+01 1.250956820338644786e-03
1.824682678222656250e+03 1.211524923787622221e+01 1.249975843468466253e-03
1.824703491210937500e+03 1.211933088462899910e+01 1.252454390642865996e-03
1.824724304199218750e+03 1.211947572751411073e+01 1.253742656260717174e-03
1.824745178222656250e+03 1.212144887917946079e+01 1.254871652756181857e-03
1.824765991210937500e+03 1.212079824275484796e+01 1.255340220866858194e-03
1.824786804199218750e+03 1.211455875138906002e+01 1.247864678325393689e-03
1.824807678222656250e+03 1.211749429332700601e+01 1.252147375544570597e-03
1.824828491210937500e+03 1.211365367750674693e+01 1.246698577459628586e-03
1.824849304199218750e+03 1.211259349846807254e+01 1.246704483135364569e-03
1.824870178222656250e+03 1.210798236271876505e+01 1.241691306409561414e-03
1.824890991210937500e+03 1.210717431957970547e+01 1.242249580441876161e-03
1.824911804199218750e+03 1.211073806617302573e+01 1.244410072426837361e-03
1.824932678222656250e+03 1.211056656687966004e+01 1.244385499441256560e-03
1.824953491210937500e+03 1.211169445404485145e+01 1.246322088578586534e-03
1.824974304199218750e+03 1.210925500836691882e+01 1.243319592540373646e-03
1.824995178222656250e+03 1.210672461316152138e+01 1.240462433630566035e-03
1.825015991210937500e+03 1.210805562130565249e+01 1.242526301184533784e-03
1.825036804199218750e+03 1.210970913886897371e+01 1.243812055358046445e-03
1.825057678222656250e+03 1.210830600904429488e+01 1.242871876559480159e-03
1.825078491210937500e+03 1.210916955916073157e+01 1.243164076793733860e-03
1.825099304199218750e+03 1.211033736629083535e+01 1.243818234448180104e-03
1.825120178222656250e+03 1.211207984676884664e+01 1.246537620989518740e-03
1.825140991210937500e+03 1.211047211793544953e+01 1.244021193717368204e-03
1.825161804199218750e+03 1.211085807358660382e+01 1.244682614997808098e-03
1.825182678222656250e+03 1.211174696169297604e+01 1.245153712821296275e-03
1.825203491210937500e+03 1.210852395891089017e+01 1.243169703917612915e-03
1.825224304199218750e+03 1.211330994255795090e+01 1.247416370696818834e-03
1.825245178222656250e+03 1.211016461531212052e+01 1.244460477986120486e-03
1.825265991210937500e+03 1.211509918982437561e+01 1.249233937537886719e-03
1.825286804199218750e+03 1.211499048484962593e+01 1.248242502127764166e-03
1.825307678222656250e+03 1.211754885435168561e+01 1.251946413693265500e-03
1.825328491210937500e+03 1.211460707630808820e+01 1.248508538885908939e-03
1.825349304199218750e+03 1.211438952982523531e+01 1.247302187043697634e-03
1.825370178222656250e+03 1.211574180352733698e+01 1.248409375137339615e-03
1.825390991210937500e+03 1.211445287538374949e+01 1.247465264071737686e-03
1.825411804199218750e+03 1.211910334302003101e+01 1.252354617362473220e-03
1.825432678222656250e+03 1.211675996491279506e+01 1.250760456631812290e-03
1.825453491210937500e+03 1.211765310923239802e+01 1.251454239052895902e-03
1.825474304199218750e+03 1.211728274772267078e+01 1.251124425040537431e-03
1.825495178222656250e+03 1.211619315280090703e+01 1.249422040807901795e-03
1.825515991210937500e+03 1.212022179079270323e+01 1.254561028217615485e-03
1.825536804199218750e+03 1.211755329393264802e+01 1.251087311476227308e-03
1.825557678222656250e+03 1.211616213650182239e+01 1.248955122117163764e-03
1.825578491210937500e+03 1.211937937824573019e+01 1.252804854610644128e-03
1.825599304199218750e+03 1.211553630999276621e+01 1.250197423821396798e-03
1.825620178222656250e+03 1.211660772435141631e+01 1.250199561460358256e-03
1.825640991210937500e+03 1.211625982946196700e+01 1.251208159717667875e-03
1.825661804199218750e+03 1.211126037697635027e+01 1.244824186299524696e-03
1.825682678222656250e+03 1.211482832220876382e+01 1.249646330470435178e-03
1.825703491210937500e+03 1.211035861011356474e+01 1.244713632179625428e-03
1.825724304199218750e+03 1.211187345769126900e+01 1.246756277051796341e-03
1.825745178222656250e+03 1.210530530961495543e+01 1.241116845215695617e-03
1.825765991210937500e+03 1.210774013858264553e+01 1.242634062804997804e-03
1.825786804199218750e+03 1.210823575966786869e+01 1.243486620796112677e-03
1.825807678222656250e+03 1.211198190299857735e+01 1.247454945397944446e-03
1.825828491210937500e+03 1.211175737477387138e+01 1.246299508805376712e-03
1.825849304199218750e+03 1.211248838469164646e+01 1.249242227615452979e-03
1.825870178222656250e+03 1.211210448435569376e+01 1.247074164236652415e-03
1.825890991210937500e+03 1.211109871504415381e+01 1.246060988869558076e-03
1.825911804199218750e+03 1.211491421628256049e+01 1.250283147654883149e-03
1.825932678222656250e+03 1.211507324741334557e+01 1.249824090010856264e-03
1.825953491210937500e+03 1.211464723902906115e+01 1.250228336344975889e-03
1.825974304199218750e+03 1.211251045850531227e+01 1.248094645339367604e-03
1.825995178222656250e+03 1.211220129141590007e+01 1.248484778602493902e-03
1.826015991210937500e+03 1.211522355209198309e+01 1.250780177548895238e-03
1.826036804199218750e+03 1.211461265305353230e+01 1.250319169218971904e-03
1.826057678222656250e+03 1.211369507281665392e+01 1.249704182303235361e-03
1.826078491210937500e+03 1.211521766680151835e+01 1.251954564976519345e-03
1.826099304199218750e+03 1.211517633946724715e+01 1.251578994387803805e-03
1.826120178222656250e+03 1.212026201786680701e+01 1.258221302217334614e-03
1.826161804199218750e+03 1.211833821027520308e+01 1.255685816470754378e-03
1.826182678222656250e+03 1.211961057166799094e+01 1.258479723488423315e-03
1.826203491210937500e+03 1.211750954115900925e+01 1.254331065273101616e-03
1.826224304199218750e+03 1.211725416851811055e+01 1.256423379463155994e-03
1.826245178222656250e+03 1.211704979711376495e+01 1.254345360920186775e-03
1.826265991210937500e+03 1.211130965338960053e+01 1.247953091178078538e-03
1.826286804199218750e+03 1.211437793975369104e+01 1.252188876206864225e-03
1.826307678222656250e+03 1.211480097397601341e+01 1.253939193554203619e-03
1.826328491210937500e+03 1.211574793919528403e+01 1.255207023736633690e-03
1.826349304199218750e+03 1.211538198058643445e+01 1.254376930047424029e-03
1.826370178222656250e+03 1.211617860667159086e+01 1.255611062505922106e-03
1.826390991210937500e+03 1.211417821424119268e+01 1.253642553479290735e-03
1.826411804199218750e+03 1.211486209366956679e+01 1.255902473507513510e-03
1.826432678222656250e+03 1.211058821539368147e+01 1.250485123120539119e-03
1.826453491210937500e+03 1.211052106291318786e+01 1.251674825988617276e-03
1.826474304199218750e+03 1.210867097899036082e+01 1.249881830920143667e-03
1.826495178222656250e+03 1.211409178363872741e+01 1.256329693334905370e-03
1.826515991210937500e+03 1.210891743081860383e+01 1.250991822372958485e-03
1.826536804199218750e+03 1.210781911765448271e+01 1.250110481021800756e-03
1.826557678222656250e+03 1.210702057120404618e+01 1.249970493254397817e-03
1.826578491210937500e+03 1.210921756617261735e+01 1.252334681087933794e-03
1.826599304199218750e+03 1.211022781229577916e+01 1.255103897008095441e-03
1.826620178222656250e+03 1.211231816454137089e+01 1.257712004135665791e-03
1.826640991210937500e+03 1.211169541696199303e+01 1.257066552645666685e-03
1.826661804199218750e+03 1.211043475045531892e+01 1.257414856638940657e-03
1.826682678222656250e+03 1.211117037969896870e+01 1.257209830672399373e-03
1.826703491210937500e+03 1.211103249791301195e+01 1.258468579862529954e-03
1.826724304199218750e+03 1.211216772400515040e+01 1.261510522523828434e-03
1.826745178222656250e+03 1.211468331555400013e+01 1.263995715964021755e-03
1.826765991210937500e+03 1.211687160794238238e+01 1.267386663338096161e-03
1.826786804199218750e+03 1.211429737628632353e+01 1.265457479791256851e-03
1.826807678222656250e+03 1.211510018537380518e+01 1.266639889899397837e-03
1.826828491210937500e+03 1.211612950090127683e+01 1.268208436132499742e-03
1.826849304199218750e+03 1.211545552688576777e+01 1.267352935278435446e-03
1.826870178222656250e+03 1.211440304067820328e+01 1.266946778137987119e-03
1.826890991210937500e+03 1.211626899152358305e+01 1.268578230777640294e-03
1.826911804199218750e+03 1.211263923373673279e+01 1.265975228366090924e-03
1.826932678222656250e+03 1.211524285866050654e+01 1.269385776630870119e-03
1.826953491210937500e+03 1.211401394327522141e+01 1.269418665225645424e-03
1.826974304199218750e+03 1.211280524282377868e+01 1.270376204401961646e-03
1.826995178222656250e+03 1.211623121047298035e+01 1.276068695760940392e-03
1.827015991210937500e+03 1.211946906659634848e+01 1.281830660678515881e-03
1.827036804199218750e+03 1.211658146455243568e+01 1.279904058561210246e-03
1.827057678222656250e+03 1.211492772954832198e+01 1.280542894513088783e-03
1.827078491210937500e+03 1.212003327620008619e+01 1.286669044683890753e-03
1.827099304199218750e+03 1.211643217662126126e+01 1.284588184765348123e-03
1.827120178222656250e+03 1.211530357213693421e+01 1.284253476629367875e-03
1.827140991210937500e+03 1.210861983356274685e+01 1.277986170224233416e-03
1.827161804199218750e+03 1.210483370587311214e+01 1.273782008553782244e-03
1.827182678222656250e+03 1.210771588736696636e+01 1.278319343667566176e-03
1.827203491210937500e+03 1.210776413436115639e+01 1.280914380449245426e-03
1.827224304199218750e+03 1.210349077430241316e+01 1.276710155244202820e-03
1.827245178222656250e+03 1.210242864094606929e+01 1.277255532812150013e-03
1.827265991210937500e+03 1.210426865265394447e+01 1.281362306575899949e-03
1.827286804199218750e+03 1.210096221760202262e+01 1.280059901764866179e-03
1.829536804199218750e+03 1.210681120893277729e+01 1.284671461114714371e-03
1.829557617187500000e+03 1.210592998108968743e+01 1.279500715294678561e-03
1.829578430175781250e+03 1.210671934633463032e+01 1.279288695412493602e-03
1.829599304199218750e+03 1.210366651814572769e+01 1.276210439772174467e-03
1.829620117187500000e+03 1.210591908767649727e+01 1.277913613174578265e-03
1.829640930175781250e+03 1.210555330052201839e+01 1.276621059969274257e-03
1.829661804199218750e+03 1.210912729436262225e+01 1.279842422551193907e-03
1.829682617187500000e+03 1.210710566812660005e+01 1.277024366083557433e-03
1.829703430175781250e+03 1.211181092349971422e+01 1.280012108161136374e-03
1.829724304199218750e+03 1.211147483819836346e+01 1.278905887101422154e-03
1.829745117187500000e+03 1.211596509976537739e+01 1.283500478770504280e-03
1.829765930175781250e+03 1.211439822143844225e+01 1.280355747358927297e-03
1.829786804199218750e+03 1.211716543818664960e+01 1.283099080639156812e-03
1.829807617187500000e+03 1.211728038203355062e+01 1.282783224802666296e-03
1.829828430175781250e+03 1.211750120871522540e+01 1.281585238147205314e-03
1.829849304199218750e+03 1.211127876193752684e+01 1.273818611083738644e-03
1.829870117187500000e+03 1.211571451642076269e+01 1.280360267948454575e-03
1.829890930175781250e+03 1.211954458777062094e+01 1.282219243261164925e-03
1.829911804199218750e+03 1.211741906871077212e+01 1.280612542072406042e-03
1.829932617187500000e+03 1.211555407974565490e+01 1.276298476213281411e-03
1.829953430175781250e+03 1.211654748678973093e+01 1.276974693518175778e-03
1.829974304199218750e+03 1.211765648843728016e+01 1.277825230852273290e-03
1.829995117187500000e+03 1.211158039009696630e+01 1.269958974784748430e-03
1.830015930175781250e+03 1.212132846900851924e+01 1.280899172209993501e-03
1.830036804199218750e+03 1.211451491903420674e+01 1.272322717346965676e-03
1.830057617187500000e+03 1.211857619241010831e+01 1.277303649916388100e-03
1.830078430175781250e+03 1.211506850567957727e+01 1.272051547508443702e-03
1.830099304199218750e+03 1.211941458001722260e+01 1.276660049411038403e-03
1.830120117187500000e+03 1.211835727787236827e+01 1.276692845088194797e-03
1.830140930175781250e+03 1.211433804818279469e+01 1.270251193126956070e-03
1.830161804199218750e+03 1.211463901941409738e+01 1.271079419847834279e-03
1.830182617187500000e+03 1.211301757214083352e+01 1.270198977365987565e-03
1.830203430175781250e+03 1.211060826809052848e+01 1.267086384103240483e-03
1.830224304199218750e+03 1.211046483465172585e+01 1.266294872995084916e-03
1.830245117187500000e+03 1.210568063864680255e+01 1.259777352612450859e-03
1.830265930175781250e+03 1.210627479903873116e+01 1.260258255122098789e-03
1.830286804199218750e+03 1.211277250629542124e+01 1.268203020498510740e-03
1.830307617187500000e+03 1.211201197311441469e+01 1.266943092886868528e-03
1.830328430175781250e+03 1.210925196314627783e+01 1.262497305820473341e-03
1.830349304199218750e+03 1.210797292853720997e+01 1.260348258552770450e-03
1.830370117187500000e+03 1.211113854786851185e+01 1.263705823859206066e-03
1.830390930175781250e+03 1.211183668544706471e+01 1.263126654545664897e-03
1.830411804199218750e+03 1.211056894961491892e+01 1.261703720420957351e-03
1.830432617187500000e+03 1.211136233872817414e+01 1.261886791908440990e-03
1.830453430175781250e+03 1.211251641904716791e+01 1.263657529943321709e-03
1.830474304199218750e+03 1.210809294951298654e+01 1.258011797257109357e-03
1.830495117187500000e+03 1.210845011225403312e+01 1.257969538984771585e-03
1.830515930175781250e+03 1.211084554299918992e+01 1.261037631676151499e-03
1.830536804199218750e+03 1.211831556503122975e+01 1.267099027263816902e-03
1.830557617187500000e+03 1.211324279360941603e+01 1.261915583907017094e-03
1.830578430175781250e+03 1.211643461890959728e+01 1.265582150562586175e-03
1.830599304199218750e+03 1.211616660454636829e+01 1.264464328014799650e-03
1.830620117187500000e+03 1.211881454323816598e+01 1.266340063874148505e-03
1.830640930175781250e+03 1.211580400888995612e+01 1.263032111964995955e-03
1.830661804199218750e+03 1.212186954314121934e+01 1.269166336060281557e-03
1.830682617187500000e+03 1.211780591182051126e+01 1.263366456612407531e-03
1.830703430175781250e+03 1.211802194570288727e+01 1.264111134403127137e-03
1.830724304199218750e+03 1.211474966730729008e+01 1.259070906428108941e-03
1.830745117187500000e+03 1.211834043322001975e+01 1.263574808603783704e-03
1.830765930175781250e+03 1.211649462857075932e+01 1.261253149517647552e-03
1.830786804199218750e+03 1.211429135188710404e+01 1.258785070928521415e-03
1.830807617187500000e+03 1.211775375034401847e+01 1.262407390469656937e-03
1.830828430175781250e+03 1.211519145678488130e+01 1.258556613998630018e-03
1.830849304199218750e+03 1.211904501127972722e+01 1.263515875975736820e-03
1.830870117187500000e+03 1.211979232082956415e+01 1.263525303105126002e-03
1.830890930175781250e+03 1.211396551661578513e+01 1.257763515964460026e-03
1.830911804199218750e+03 1.211740967324139717e+01 1.261605444117324141e-03
1.830932617187500000e+03 1.211402428696871425e+01 1.256604186161282494e-03
1.830953430175781250e+03 1.211013418683189080e+01 1.252822841918722029e-03
1.830974304199218750e+03 1.211366163454474787e+01 1.258183518786226609e-03
1.830995117187500000e+03 1.211414464062028351e+01 1.256078998287358476e-03
1.831015930175781250e+03 1.211503823028509608e+01 1.258697275778009397e-03
1.831036804199218750e+03 1.211133668773227612e+01 1.252857534161465509e-03
1.831057617187500000e+03 1.210988134644931336e+01 1.251366183898964266e-03
1.831078430175781250e+03 1.211007108221305373e+01 1.251927611851686405e-03
1.831099304199218750e+03 1.210962389712166498e+01 1.251316219824997328e-03
1.831120117187500000e+03 1.210819366171280898e+01 1.249529478666007096e-03
1.831140930175781250e+03 1.211587052300582457e+01 1.256861841928321507e-03
1.831161804199218750e+03 1.211016205557708147e+01 1.250516286138930386e-03
1.831182617187500000e+03 1.211117703957310177e+01 1.250848868908437756e-03
1.831203430175781250e+03 1.211048461882926830e+01 1.250026559592696401e-03
1.831224304199218750e+03 1.211319015334223792e+01 1.254157342043870325e-03
1.831245117187500000e+03 1.211430833715578714e+01 1.253484614093067651e-03
1.831265930175781250e+03 1.211643350649405448e+01 1.255823047255216979e-03
1.831286804199218750e+03 1.211727913455064254e+01 1.257038012746296242e-03
1.831307617187500000e+03 1.211583349266113530e+01 1.255055113693592014e-03
1.831328430175781250e+03 1.211815977876204009e+01 1.256980779594083289e-03
1.831349304199218750e+03 1.211246517947748913e+01 1.251895135130474566e-03
1.831370117187500000e+03 1.211735736726683399e+01 1.255271430435251755e-03
1.831390930175781250e+03 1.211832688750771325e+01 1.257486728431034392e-03
1.831411804199218750e+03 1.211941856903009729e+01 1.257986361002352144e-03
1.831432617187500000e+03 1.211793826136840302e+01 1.254985350538871929e-03
1.831453430175781250e+03 1.212093862824732504e+01 1.259394447936275580e-03
1.831474304199218750e+03 1.211905642817334972e+01 1.256178318306482022e-03
1.831495117187500000e+03 1.212253475497485766e+01 1.259856742505392410e-03
1.831515930175781250e+03 1.212294632390630689e+01 1.261956125957547836e-03
1.831536804199218750e+03 1.212020018705164759e+01 1.260165743523312086e-03
1.831557617187500000e+03 1.212094514338363105e+01 1.258514485750173882e-03
1.831578430175781250e+03 1.211760069136041018e+01 1.254394703919588889e-03
1.831599304199218750e+03 1.211427555952096924e+01 1.250580525197137784e-03
1.831620117187500000e+03 1.211692516596184532e+01 1.255275920270092910e-03
1.831640930175781250e+03 1.211403960725239770e+01 1.250213137149996457e-03
1.831661804199218750e+03 1.211474712040222634e+01 1.252627951542968632e-03
1.831682617187500000e+03 1.211511489143453524e+01 1.252592711708419050e-03
1.831703430175781250e+03 1.211207594808712429e+01 1.250411125149606274e-03
1.831724304199218750e+03 1.211253653348222237e+01 1.248679762789462605e-03
1.831745117187500000e+03 1.211699071123414306e+01 1.253014492267799651e-03
1.831765930175781250e+03 1.211484493304491750e+01 1.251985036785128059e-03
1.831786804199218750e+03 1.211367898259329401e+01 1.252429082321774830e-03
1.831807617187500000e+03 1.211363351297533342e+01 1.249747135971762766e-03
1.831828430175781250e+03 1.211367000098267788e+01 1.249092472867830870e-03
1.831849304199218750e+03 1.211453790566635114e+01 1.250602769637632668e-03
1.831870117187500000e+03 1.211454814551348491e+01 1.250790042418572015e-03
1.831890930175781250e+03 1.211122020398671850e+01 1.246308215572453125e-03
1.831911743164062500e+03 1.211611993740684312e+01 1.252382356874058317e-03
1.831932556152343750e+03 1.211103369102905170e+01 1.247537062992365399e-03
1.831953430175781250e+03 1.211377451138629269e+01 1.249871710375639877e-03
1.831974243164062500e+03 1.211196205152870853e+01 1.246138276365574673e-03
1.831995056152343750e+03 1.211788466400240694e+01 1.254445859634134575e-03
1.832015930175781250e+03 1.211565843712074653e+01 1.252636091185349750e-03
1.832036743164062500e+03 1.211204388859681913e+01 1.246381170640990018e-03
1.832057556152343750e+03 1.211833198790380628e+01 1.255333157768999224e-03
1.832078430175781250e+03 1.211735725639788441e+01 1.252268203096402284e-03
1.832099243164062500e+03 1.212010568207825578e+01 1.256435885030575492e-03
1.832120056152343750e+03 1.211970901589186234e+01 1.256082691031886172e-03
1.832140930175781250e+03 1.211797751278509061e+01 1.252383863420350766e-03
1.832161743164062500e+03 1.211937739496668165e+01 1.255295249204212626e-03
1.832182556152343750e+03 1.211745687672597604e+01 1.251987696774847650e-03
1.832203430175781250e+03 1.212007807050237851e+01 1.254738668134251084e-03
1.832224243164062500e+03 1.211879269163798156e+01 1.255163446261561887e-03
1.832245056152343750e+03 1.211836105194432278e+01 1.253128005929828514e-03
1.832265930175781250e+03 1.211782328324727409e+01 1.252279400186170248e-03
1.832286743164062500e+03 1.211816678540661663e+01 1.252320587763511598e-03
1.832307556152343750e+03 1.211571954593127209e+01 1.249333745178530033e-03
1.832328430175781250e+03 1.211913484227907567e+01 1.253486835902758523e-03
1.832349243164062500e+03 1.211736376640205393e+01 1.251620442980157059e-03
1.832370056152343750e+03 1.211997615904647319e+01 1.255008537889714922e-03
1.832390930175781250e+03 1.211702290930876202e+01 1.251311563631074064e-03
1.832411743164062500e+03 1.211668192080541573e+01 1.250709977222776029e-03
1.832432556152343750e+03 1.211574409157725540e+01 1.249962719553938213e-03
1.832453430175781250e+03 1.211546188153553416e+01 1.251925934391560956e-03
1.832474243164062500e+03 1.211485684669488094e+01 1.250581421218956808e-03
1.832495056152343750e+03 1.211334700504377082e+01 1.249041499060167103e-03
1.832515930175781250e+03 1.211139097767204831e+01 1.248067104604449291e-03
1.832536743164062500e+03 1.211321554023497704e+01 1.248334923903381783e-03
1.832557556152343750e+03 1.211053477976993165e+01 1.246001613980906317e-03
1.832578430175781250e+03 1.211224596827560873e+01 1.247183149837314663e-03
1.832599243164062500e+03 1.210865725094805612e+01 1.243263649049021653e-03
1.832620056152343750e+03 1.211229267638195672e+01 1.247226859998101746e-03
1.832640930175781250e+03 1.210978452860162236e+01 1.244706194607294409e-03
1.832661743164062500e+03 1.211101870502228195e+01 1.246104618349524193e-03
1.832682556152343750e+03 1.211067403114001095e+01 1.244583666444568212e-03
1.832703430175781250e+03 1.211641347671963231e+01 1.252740325164176200e-03
1.832724243164062500e+03 1.211399110009725177e+01 1.247120741930135166e-03
1.832745056152343750e+03 1.211555555742634560e+01 1.249526673878116221e-03
1.832765930175781250e+03 1.211639317246328673e+01 1.251010230245807979e-03
1.832786743164062500e+03 1.211636310841206488e+01 1.250800991039469501e-03
1.832807556152343750e+03 1.211673290367021849e+01 1.250070109618680496e-03
1.832828430175781250e+03 1.211803838780865838e+01 1.251671044639153909e-03
1.832849243164062500e+03 1.211506490102076405e+01 1.248772122673791471e-03
1.832870056152343750e+03 1.211601890737596676e+01 1.250850247580424660e-03
1.832890930175781250e+03 1.211701735968429539e+01 1.250985363145655288e-03
1.832911743164062500e+03 1.211848988725350473e+01 1.252758320707217810e-03
1.832932556152343750e+03 1.211862920572716718e+01 1.253056529048572751e-03
1.832953430175781250e+03 1.212163711593821525e+01 1.255325139597802996e-03
1.832974243164062500e+03 1.212066182234052292e+01 1.255108138237004747e-03
1.832995056152343750e+03 1.211850130396608272e+01 1.252588350287804197e-03
1.833015930175781250e+03 1.212206920564070955e+01 1.256320290638373183e-03
1.833036743164062500e+03 1.212138401005528010e+01 1.254761010008505380e-03
1.833057556152343750e+03 1.212162651883452469e+01 1.256103344076726046e-03
1.833078430175781250e+03 1.211885446886031303e+01 1.252643624986402807e-03
1.833099243164062500e+03 1.212085703017657856e+01 1.254880963580838268e-03
1.833120056152343750e+03 1.211803835686885300e+01 1.251511122952264979e-03
1.833140930175781250e+03 1.211477114732309879e+01 1.248160733465541235e-03
1.833161743164062500e+03 1.211247839306238561e+01 1.246800548354317847e-03
1.833182556152343750e+03 1.211696027013186594e+01 1.250909926898170332e-03
1.833203430175781250e+03 1.211438914086662422e+01 1.248717992396192883e-03
1.833224243164062500e+03 1.211514816530171679e+01 1.249898432834938618e-03
1.833245056152343750e+03 1.211522733623338155e+01 1.249434904559817028e-03
1.833265930175781250e+03 1.211434780188626270e+01 1.248573121287901381e-03
1.833286743164062500e+03 1.211246195612626764e+01 1.246435302655126602e-03
1.833307556152343750e+03 1.211509039439225077e+01 1.249969250576558281e-03
1.833328430175781250e+03 1.211369223815434282e+01 1.248483273511366868e-03
1.833349243164062500e+03 1.211396442137139218e+01 1.248606494215142313e-03
1.833370056152343750e+03 1.211389492355182362e+01 1.247603723596479300e-03
1.833390930175781250e+03 1.211445928042828335e+01 1.248187807515218749e-03
1.833411743164062500e+03 1.211544368335359501e+01 1.250101148999128780e-03
1.833432556152343750e+03 1.211486208635422024e+01 1.250017408057282810e-03
1.833453430175781250e+03 1.211520269416650919e+01 1.250225500958434882e-03
1.833474243164062500e+03 1.211355299685605935e+01 1.247297475793388271e-03
1.833495056152343750e+03 1.211628817883295106e+01 1.250028786600998780e-03
1.833515930175781250e+03 1.211591494904635802e+01 1.250861665044509944e-03
1.833536743164062500e+03 1.211520062769935535e+01 1.250109443561739321e-03
1.833557556152343750e+03 1.211969072835247374e+01 1.253589051506490961e-03
1.833578430175781250e+03 1.211904918742816939e+01 1.253080366389256123e-03
1.833599243164062500e+03 1.212155197751600078e+01 1.254432472876500313e-03
1.833620056152343750e+03 1.212175170465695651e+01 1.256524116896926783e-03
1.833640930175781250e+03 1.211931770266679820e+01 1.252548901880450125e-03
1.833661743164062500e+03 1.212423665477901480e+01 1.257380677789172226e-03
1.833682556152343750e+03 1.212323522969269618e+01 1.257821712151339314e-03
1.833703430175781250e+03 1.212220379001129089e+01 1.254986634248074885e-03
1.833724243164062500e+03 1.212146340737255557e+01 1.254503192244325622e-03
1.833745056152343750e+03 1.211740059371682854e+01 1.249877238463105965e-03
1.833765930175781250e+03 1.212301966476957737e+01 1.256893449139943365e-03
1.833786743164062500e+03 1.212153037675136602e+01 1.255857919668636798e-03
1.833807556152343750e+03 1.212469925175739682e+01 1.259808414443498899e-03
1.833828430175781250e+03 1.211613686640603760e+01 1.248665562951407860e-03
1.833849243164062500e+03 1.211983401721754205e+01 1.252943228308013189e-03
1.833870056152343750e+03 1.211617442419028734e+01 1.249036347808953323e-03
1.833890930175781250e+03 1.211920217721482373e+01 1.252761356434675417e-03
1.833911743164062500e+03 1.212018071034486155e+01 1.252956953687193835e-03
1.833932556152343750e+03 1.211691934978574636e+01 1.250072459038071952e-03
1.833953430175781250e+03 1.211588226991760209e+01 1.249024991975681556e-03
1.833974243164062500e+03 1.211460234051583562e+01 1.249436806056608649e-03
1.833995056152343750e+03 1.211543306911741347e+01 1.249252415334908351e-03
1.834015930175781250e+03 1.211465798461975218e+01 1.248233110417489456e-03
1.834036743164062500e+03 1.211361260221663549e+01 1.247235821062376909e-03
1.834057556152343750e+03 1.211337087317089889e+01 1.246770850090513517e-03
1.834078369140625000e+03 1.211234075311761771e+01 1.247296323433258209e-03
1.834099182128906250e+03 1.211186465735552353e+01 1.245034942640665292e-03
1.834120056152343750e+03 1.211573154051300172e+01 1.250190831666078218e-03
1.834140869140625000e+03 1.211361426641444616e+01 1.247064376775805635e-03
1.834161682128906250e+03 1.211764073136759734e+01 1.252120077385951175e-03
1.834182556152343750e+03 1.211640656097878832e+01 1.251666055314194000e-03
1.834203369140625000e+03 1.211653631878300175e+01 1.251339145740722192e-03
1.834224182128906250e+03 1.211514138249409456e+01 1.249273505285978820e-03
1.834245056152343750e+03 1.211694462156661700e+01 1.250807439126233687e-03
1.834286682128906250e+03 1.211911339493921780e+01 1.253290455869483875e-03
1.834307556152343750e+03 1.211945477138224625e+01 1.252905175556357983e-03
1.834328369140625000e+03 1.211997352888640656e+01 1.254831357778689576e-03
1.834349182128906250e+03 1.212028554085500964e+01 1.254079173778678037e-03
1.834370056152343750e+03 1.212005295968449659e+01 1.252794139328806088e-03
1.834390869140625000e+03 1.212073239086845966e+01 1.253324631272416606e-03
1.834411682128906250e+03 1.212379737528724277e+01 1.256833955472723245e-03
1.834432556152343750e+03 1.212454407090458020e+01 1.257581057283585447e-03
1.834453369140625000e+03 1.212300089914479528e+01 1.256312231245370606e-03
1.834474182128906250e+03 1.212569891918530196e+01 1.258692812757678924e-03
1.834495056152343750e+03 1.212402183744260853e+01 1.257450199813492158e-03
1.834515869140625000e+03 1.212233229104783305e+01 1.254500216820417496e-03
1.834536682128906250e+03 1.211943700259133294e+01 1.252751495620744180e-03
1.834557556152343750e+03 1.211737287472515590e+01 1.251209051905835187e-03
1.834578369140625000e+03 1.211731725036058194e+01 1.249816632561851154e-03
1.834599182128906250e+03 1.211619956110231833e+01 1.250648786470384514e-03
1.834620056152343750e+03 1.211855251589427418e+01 1.251648601943399809e-03
1.834640869140625000e+03 1.211957501695187034e+01 1.253154671386419797e-03
1.834661682128906250e+03 1.211703745083350725e+01 1.250023851603479855e-03
1.834682556152343750e+03 1.211612225444935476e+01 1.250158485967780035e-03
1.834703369140625000e+03 1.211866157646078612e+01 1.252930411309142534e-03
1.834724182128906250e+03 1.211706022086950441e+01 1.250742954565075638e-03
1.834745056152343750e+03 1.211763563742061400e+01 1.250497036523747505e-03
1.834765869140625000e+03 1.211529441825967446e+01 1.248925953810913403e-03
1.834786682128906250e+03 1.211767215620810667e+01 1.251206442284416706e-03
1.834807556152343750e+03 1.211563614049196858e+01 1.248610023845283861e-03
1.834828369140625000e+03 1.211425618682630834e+01 1.248181794859774905e-03
1.834849182128906250e+03 1.211377954501180199e+01 1.247163232079388177e-03
1.834870056152343750e+03 1.211548573012396446e+01 1.250002255705747432e-03
1.834890869140625000e+03 1.211280742345256378e+01 1.246218118560277373e-03
1.834911682128906250e+03 1.211625405027460722e+01 1.250413025228295713e-03
1.834932556152343750e+03 1.211346560583126397e+01 1.247100170743576080e-03
1.834953369140625000e+03 1.211472991048927739e+01 1.249052761514225654e-03
1.834974182128906250e+03 1.211365039749254180e+01 1.247599790916084422e-03
1.834995056152343750e+03 1.211569822052680045e+01 1.249559148201888608e-03
1.835015869140625000e+03 1.211464928103245242e+01 1.250121195522621185e-03
1.835036682128906250e+03 1.211834533161928462e+01 1.251518363585263751e-03
1.835057556152343750e+03 1.212019964641199898e+01 1.253305990209405054e-03
1.835078369140625000e+03 1.211871895829339252e+01 1.251410416149968544e-03
1.835099182128906250e+03 1.212154187917040638e+01 1.254767642397862501e-03
1.835120056152343750e+03 1.212082940796466168e+01 1.254108122841190651e-03
1.835140869140625000e+03 1.211996222496592068e+01 1.252869682469135012e-03
1.835161682128906250e+03 1.212238272777269721e+01 1.255768130894433302e-03
1.835182556152343750e+03 1.212084435533752114e+01 1.253265304131702396e-03
1.835203369140625000e+03 1.211825835988108579e+01 1.252367469900515524e-03
1.835224182128906250e+03 1.212272079264301539e+01 1.256352472684479742e-03
1.835245056152343750e+03 1.212158356087787325e+01 1.255811555754003488e-03
1.835265869140625000e+03 1.212186931556568581e+01 1.255792244166166818e-03
1.835286682128906250e+03 1.212117879944371346e+01 1.255824614073218926e-03
1.835307556152343750e+03 1.212053942406499552e+01 1.254339057547392347e-03
1.835328369140625000e+03 1.212082272292534491e+01 1.253589296046007202e-03
1.835349182128906250e+03 1.211962711488796351e+01 1.252887338844330687e-03
1.835370056152343750e+03 1.212103225343172852e+01 1.253321895766880108e-03
1.835390869140625000e+03 1.211967122095709115e+01 1.252518538983807229e-03
1.835411682128906250e+03 1.212170834931028374e+01 1.256185632234301745e-03
1.835432556152343750e+03 1.211502790204566260e+01 1.249822288445480217e-03
1.835453369140625000e+03 1.211674500347104377e+01 1.251255050857432794e-03
1.835474182128906250e+03 1.211673055090919071e+01 1.250863467716196347e-03
1.835495056152343750e+03 1.211499269512289345e+01 1.248935436559257123e-03
1.835515869140625000e+03 1.211479814970117630e+01 1.248062340401082625e-03
1.835536682128906250e+03 1.211273147337974265e+01 1.246507034573105877e-03
1.835557556152343750e+03 1.211131650415038408e+01 1.245376597214110058e-03
1.835578369140625000e+03 1.211160184614426960e+01 1.245266054080027213e-03
1.835599182128906250e+03 1.211402299343107991e+01 1.246797926596133381e-03
1.835620056152343750e+03 1.211774978371750322e+01 1.252776823074145882e-03
1.835640869140625000e+03 1.211748093935995385e+01 1.251779977276658859e-03
1.835661682128906250e+03 1.211719404444643544e+01 1.253001989640747287e-03
1.835682556152343750e+03 1.211664106182271361e+01 1.251847636157271118e-03
1.835703369140625000e+03 1.210985151027965578e+01 1.244217085841174165e-03
1.835724182128906250e+03 1.211510302542019168e+01 1.248429235497518740e-03
1.835745056152343750e+03 1.211660547579426606e+01 1.250201684757551489e-03
1.835765869140625000e+03 1.211992173979775345e+01 1.254352091980340256e-03
1.835786682128906250e+03 1.211812131072769283e+01 1.251316285723487551e-03
1.835807556152343750e+03 1.211840011665404226e+01 1.252398139386130512e-03
1.835828308105468750e+03 1.212027115995732096e+01 1.256692117535048543e-03
1.835849182128906250e+03 1.211809933158916408e+01 1.252356817967863190e-03
1.835869995117187500e+03 1.211521490993684225e+01 1.248771155038095942e-03
1.835890808105468750e+03 1.211969220726499152e+01 1.252768135214469636e-03
1.835911682128906250e+03 1.211909926637873625e+01 1.252071614114185719e-03
1.835932495117187500e+03 1.211986925011639826e+01 1.253798860045943512e-03
1.835953308105468750e+03 1.212268508065178629e+01 1.255693838825688814e-03
1.835974182128906250e+03 1.212276884793264209e+01 1.256789944526167041e-03
1.835994995117187500e+03 1.212101238569445982e+01 1.253822721198732167e-03
1.836015808105468750e+03 1.211688382875979109e+01 1.250276229224626728e-03
1.836036682128906250e+03 1.211868745896421906e+01 1.251093092003233371e-03
1.836057495117187500e+03 1.212037618596487398e+01 1.252844517267575914e-03
1.836078308105468750e+03 1.211945432827421598e+01 1.253135665017338345e-03
1.836099182128906250e+03 1.211901057688609207e+01 1.251789860076823243e-03
1.836119995117187500e+03 1.211913467343380901e+01 1.252426366678517687e-03
1.836140808105468750e+03 1.211828396473368485e+01 1.252029757660907744e-03
1.836161682128906250e+03 1.211840685710936860e+01 1.251437041665708636e-03
1.836182495117187500e+03 1.211677960368799134e+01 1.250215427154073664e-03
1.836203308105468750e+03 1.211686610705373290e+01 1.249913648924813039e-03
1.836224182128906250e+03 1.211513062920701778e+01 1.248967544077434497e-03
1.836244995117187500e+03 1.211752619279891086e+01 1.252456460273484139e-03
1.836265808105468750e+03 1.211933641133578021e+01 1.252825860241651513e-03
1.836286682128906250e+03 1.211693471673324751e+01 1.250973748444379882e-03
1.836307495117187500e+03 1.211555881537654145e+01 1.250337385148751670e-03
1.836328308105468750e+03 1.211577696916656954e+01 1.249400783551646863e-03
1.836349182128906250e+03 1.211528836090563210e+01 1.249282656165152158e-03
1.836369995117187500e+03 1.211348201743126651e+01 1.247851839315876473e-03
1.836390808105468750e+03 1.211485163097463236e+01 1.247892005233938078e-03
1.836411682128906250e+03 1.211348237725311705e+01 1.246754220871140696e-03
1.836432495117187500e+03 1.211393078650870514e+01 1.247084314523897028e-03
1.836453308105468750e+03 1.211174908141699902e+01 1.246210102218741917e-03
1.836474182128906250e+03 1.211557925709565353e+01 1.250341713225013420e-03
1.836494995117187500e+03 1.211620534297518326e+01 1.249819447072190353e-03
1.836515808105468750e+03 1.211571974445195643e+01 1.250354494331013585e-03
1.836536682128906250e+03 1.211504538704438794e+01 1.248990474882667864e-03
1.836557495117187500e+03 1.211806623970679908e+01 1.251442119462204848e-03
1.836578308105468750e+03 1.211792264197476499e+01 1.251334297025350709e-03
1.836599182128906250e+03 1.211845608402400742e+01 1.252067174252959655e-03
1.836619995117187500e+03 1.212065771395532110e+01 1.253242806453532107e-03
1.836640808105468750e+03 1.211898430241555147e+01 1.252540048506800043e-03
1.836661682128906250e+03 1.211979036593613657e+01 1.254509867802887282e-03
1.836682495117187500e+03 1.211856241520041877e+01 1.250758132812811131e-03
1.836703308105468750e+03 1.212100902374927003e+01 1.255226000004878604e-03
1.836724182128906250e+03 1.211933480982672684e+01 1.253494406460380723e-03
1.836744995117187500e+03 1.212100619136859159e+01 1.255071650453049026e-03
1.836765808105468750e+03 1.212010496345330246e+01 1.253299238042317014e-03
1.836786682128906250e+03 1.212030884213994142e+01 1.253739275841895357e-03
1.836807495117187500e+03 1.211921981973230089e+01 1.252046833949201944e-03
1.836828308105468750e+03 1.211835119022014773e+01 1.251533389577725534e-03
1.836849182128906250e+03 1.211684737973041948e+01 1.250648937176734908e-03
1.836869995117187500e+03 1.211813154681388660e+01 1.253754338420586196e-03
1.836890808105468750e+03 1.212135383491900242e+01 1.255244030403003226e-03
1.836911682128906250e+03 1.211826482721355092e+01 1.252053358549630674e-03
1.836932495117187500e+03 1.211934831347963204e+01 1.251929305421583356e-03
1.836953308105468750e+03 1.211488524118583499e+01 1.248018944145867001e-03
1.836974182128906250e+03 1.211442195867778260e+01 1.247035133467736499e-03
1.836994995117187500e+03 1.211606650513764905e+01 1.250344492546106787e-03
1.837015808105468750e+03 1.211792721738827971e+01 1.251190703874722511e-03
1.837036682128906250e+03 1.211210497735724090e+01 1.246895107669889749e-03
1.837057495117187500e+03 1.211300965394429952e+01 1.245619628618107331e-03
1.837078308105468750e+03 1.211715184035869797e+01 1.251022003837818372e-03
1.837099182128906250e+03 1.211667701374773820e+01 1.250281121742415416e-03
1.837119995117187500e+03 1.211161075581771129e+01 1.246898511407526760e-03
1.837140808105468750e+03 1.211374177901275750e+01 1.247719213290205591e-03
1.837161682128906250e+03 1.211302414538812577e+01 1.246772171137805257e-03
1.837182495117187500e+03 1.211562795649711255e+01 1.248739262803656019e-03
1.837203308105468750e+03 1.211589439704719418e+01 1.249899118735267991e-03
1.837224182128906250e+03 1.211616391383040892e+01 1.249686472685954033e-03
1.837244995117187500e+03 1.211626904577667041e+01 1.249662589125678271e-03
1.837265808105468750e+03 1.211545079858434448e+01 1.249065753727892540e-03
1.837286682128906250e+03 1.211639912312147160e+01 1.250772339117200071e-03
1.837307495117187500e+03 1.212099430075750561e+01 1.254132579148168041e-03
1.837328308105468750e+03 1.212141148450014683e+01 1.254464969407143374e-03
1.837349182128906250e+03 1.211955478292540533e+01 1.252440399268598065e-03
1.837369995117187500e+03 1.212285006113728159e+01 1.256409054165149143e-03
1.837390808105468750e+03 1.212169962606865958e+01 1.255127734508476155e-03
1.837411621093750000e+03 1.211921862970142705e+01 1.251684873509613253e-03
1.837432434082031250e+03 1.212120385262342026e+01 1.255024357131093561e-03
1.837453308105468750e+03 1.212295682863877389e+01 1.255726419686878544e-03
1.837474121093750000e+03 1.212310858129421121e+01 1.255378107728143382e-03
1.837494934082031250e+03 1.212316911963042365e+01 1.256361359897403872e-03
1.837515808105468750e+03 1.212146592204617690e+01 1.254655940874287254e-03
1.837536621093750000e+03 1.212320579856664260e+01 1.255759754986723702e-03
1.837557434082031250e+03 1.212035683493920857e+01 1.254864962127783326e-03
1.837578308105468750e+03 1.212044107202864396e+01 1.253865762327597373e-03
1.837599121093750000e+03 1.212078011279429290e+01 1.254446224222304992e-03
1.837619934082031250e+03 1.211948328995746138e+01 1.251528706015658712e-03
1.837640808105468750e+03 1.211862267583932073e+01 1.251746187368449727e-03
1.837661621093750000e+03 1.211866733542595753e+01 1.251134307378361362e-03
1.837682434082031250e+03 1.211713683094237304e+01 1.250110504722505350e-03
1.837703308105468750e+03 1.211621600484412120e+01 1.249847001700120407e-03
1.837724121093750000e+03 1.211813202604716189e+01 1.251327779035768832e-03
1.837744934082031250e+03 1.211660114565329849e+01 1.249330060125300023e-03
1.837765808105468750e+03 1.211726962583331968e+01 1.250315899859739564e-03
1.837786621093750000e+03 1.211604129164697596e+01 1.248627960476550057e-03
1.837807434082031250e+03 1.211638900910930339e+01 1.249392425716822248e-03
1.837828308105468750e+03 1.211585112132214270e+01 1.249444431935847278e-03
1.837849121093750000e+03 1.211519208664737768e+01 1.248132385744828978e-03
1.837869934082031250e+03 1.211460751025517979e+01 1.247300173797410939e-03
1.837890808105468750e+03 1.211496637935586662e+01 1.250624925877133736e-03
1.837911621093750000e+03 1.211530864348262071e+01 1.248463564377289914e-03
1.837932434082031250e+03 1.211551931835220053e+01 1.248269396436831047e-03
1.837953308105468750e+03 1.211878680938553288e+01 1.251751143787494880e-03
1.837974121093750000e+03 1.211395129359654277e+01 1.246470718330852222e-03
1.837994934082031250e+03 1.211654609997794729e+01 1.251068339295576806e-03
1.838015808105468750e+03 1.211877737952205081e+01 1.250838645517347901e-03
1.838036621093750000e+03 1.212015097694181520e+01 1.252664600327899275e-03
1.838057434082031250e+03 1.212367930031737728e+01 1.256556019547234093e-03
1.838078308105468750e+03 1.212175183469812012e+01 1.253960925907130408e-03
1.838099121093750000e+03 1.211989685816910800e+01 1.253668022792160186e-03
1.838119934082031250e+03 1.212065505298770773e+01 1.252523214094458485e-03
1.838140808105468750e+03 1.212286503173007368e+01 1.255141564607240284e-03
1.838161621093750000e+03 1.212219466910943311e+01 1.255090155499685115e-03
1.838182434082031250e+03 1.212336174230419239e+01 1.257546297085375842e-03
1.838203308105468750e+03 1.212250370178912462e+01 1.254732514735860428e-03
1.838224121093750000e+03 1.212109564994383959e+01 1.254478019102559438e-03
1.838244934082031250e+03 1.211845297974137914e+01 1.251664280555756783e-03
1.838265808105468750e+03 1.212001358136974893e+01 1.252761201137705688e-03
1.838286621093750000e+03 1.212173219679321967e+01 1.254765541409950209e-03
1.838307434082031250e+03 1.212058204400931238e+01 1.252774259130303922e-03
1.838328308105468750e+03 1.212006013181929909e+01 1.253274112361038627e-03
1.838349121093750000e+03 1.212131249484921369e+01 1.253397461430787955e-03
1.838369934082031250e+03 1.211981932988156707e+01 1.252589839321073930e-03
1.838390808105468750e+03 1.212171758124828891e+01 1.255173522262689745e-03
1.838411621093750000e+03 1.212132748212724920e+01 1.255383327476606485e-03
1.838432434082031250e+03 1.211959887391056689e+01 1.253010831096739320e-03
1.838453308105468750e+03 1.211552334232274220e+01 1.248341722026244599e-03
1.838474121093750000e+03 1.211378792984675279e+01 1.247713397164596037e-03
1.838494934082031250e+03 1.211574191759628683e+01 1.249669502964063103e-03
1.838515808105468750e+03 1.211687305423523142e+01 1.250667535410932832e-03
1.838536621093750000e+03 1.211548732779694681e+01 1.248181155792290643e-03
1.838557434082031250e+03 1.211299643098480594e+01 1.245900063616244523e-03
1.838578308105468750e+03 1.211173094360761482e+01 1.245834002853061237e-03
1.838599121093750000e+03 1.210956822273226763e+01 1.243293882551957863e-03
1.838619934082031250e+03 1.211526892672463163e+01 1.248795843785616708e-03
1.838640808105468750e+03 1.211778343904453159e+01 1.251118478681914484e-03
1.838661621093750000e+03 1.211726511032039433e+01 1.249942061417886816e-03
1.838682434082031250e+03 1.211660815627251608e+01 1.250566299910012237e-03
1.838703308105468750e+03 1.211783202171504747e+01 1.251290293966543119e-03
1.838744934082031250e+03 1.212050850080023068e+01 1.254370820440267901e-03
1.838765747070312500e+03 1.211852743632547913e+01 1.251952819992075945e-03
1.838786560058593750e+03 1.212147282033230766e+01 1.254434577880272298e-03
1.838807434082031250e+03 1.212053973224764825e+01 1.252649047418716082e-03
1.838828247070312500e+03 1.211935702880468391e+01 1.251927855157781077e-03
1.838849060058593750e+03 1.212189613240576946e+01 1.256145681560367783e-03
1.838869934082031250e+03 1.212136934710848735e+01 1.253655535336642424e-03
1.838890747070312500e+03 1.212259896716644647e+01 1.256894466508904577e-03
1.838911560058593750e+03 1.212396422803445084e+01 1.257663738594623189e-03
1.838932434082031250e+03 1.212372321675835529e+01 1.256249098545608170e-03
1.838953247070312500e+03 1.212034713235636652e+01 1.253234732663152575e-03
1.838974060058593750e+03 1.212188097995500868e+01 1.255047672711009964e-03
1.838994934082031250e+03 1.212631075399457359e+01 1.259024961671682905e-03
1.839015747070312500e+03 1.212534208634491328e+01 1.259240071832357999e-03
1.839036560058593750e+03 1.212221425740829872e+01 1.255686947855030140e-03
1.839057434082031250e+03 1.212448721803478158e+01 1.257684897390159160e-03
1.839078247070312500e+03 1.212176317772964396e+01 1.255454539290633883e-03
1.839099060058593750e+03 1.212241454218603387e+01 1.255189094281079125e-03
1.839119934082031250e+03 1.212114579228639144e+01 1.254490789726215878e-03
1.839140747070312500e+03 1.212163372084820701e+01 1.254038280871163204e-03
1.839161560058593750e+03 1.212076927073326438e+01 1.254939431754696936e-03
1.839182434082031250e+03 1.212232260373182413e+01 1.255733167827716113e-03
1.839224060058593750e+03 1.211760377193002647e+01 1.252082322556258027e-03
1.839244934082031250e+03 1.211672869938396779e+01 1.250204057660858062e-03
1.839265747070312500e+03 1.211878995577378859e+01 1.251801084808190287e-03
1.839286560058593750e+03 1.211919767578283391e+01 1.254969705330323537e-03
1.839307434082031250e+03 1.212006501280420423e+01 1.255167239427206968e-03
1.839328247070312500e+03 1.211811055857161712e+01 1.252982956477249540e-03
1.839349060058593750e+03 1.211264409590090274e+01 1.246744574502464632e-03
1.839369934082031250e+03 1.211552062602394031e+01 1.249739394685572347e-03
1.839390747070312500e+03 1.211691292038935686e+01 1.253269721322272526e-03
1.839411560058593750e+03 1.211233159715636276e+01 1.247623960559544019e-03
1.839432434082031250e+03 1.211303637490711083e+01 1.247858575831881653e-03
1.839453247070312500e+03 1.211317193435186290e+01 1.249523001363308985e-03
1.839474060058593750e+03 1.211408166577022882e+01 1.251136047231514621e-03
1.839494934082031250e+03 1.211801119385189018e+01 1.253781945431036880e-03
1.839536560058593750e+03 1.211849063412476468e+01 1.253899226058602335e-03
1.839557434082031250e+03 1.212082374122380379e+01 1.255934302745925117e-03
1.839578247070312500e+03 1.211903599708884727e+01 1.253895875390239559e-03
1.839599060058593750e+03 1.212029629500758432e+01 1.255536495802690809e-03
1.839619934082031250e+03 1.212208137333049152e+01 1.257892463085922077e-03
1.839640747070312500e+03 1.212333800775925319e+01 1.259282816145858384e-03
1.839661560058593750e+03 1.212113792788652411e+01 1.257820329361182630e-03
1.839682434082031250e+03 1.211993718302170819e+01 1.256534172654495208e-03
1.839703247070312500e+03 1.211764650590026626e+01 1.254397908539224516e-03
1.839724060058593750e+03 1.212276454646374546e+01 1.260934601211391231e-03
1.839744934082031250e+03 1.212206576067689667e+01 1.259955695706584458e-03
1.839765747070312500e+03 1.212322572170146984e+01 1.263031104198167852e-03
1.839786560058593750e+03 1.212492969875976101e+01 1.262462058276412561e-03
1.839807434082031250e+03 1.212381635217228038e+01 1.261944099642081565e-03
1.839828247070312500e+03 1.212209389868806930e+01 1.260726605027731465e-03
1.839849060058593750e+03 1.212189984068912274e+01 1.260757323385290705e-03
1.839869934082031250e+03 1.212058774051751264e+01 1.260956051969972739e-03
1.839890747070312500e+03 1.212154873187062165e+01 1.261698943941191821e-03
1.839911560058593750e+03 1.211846133386819346e+01 1.258465731597749673e-03
1.839932434082031250e+03 1.212027795013304221e+01 1.261372241615255985e-03
1.839953247070312500e+03 1.212054356770022245e+01 1.262263146675525038e-03
1.839974060058593750e+03 1.211863380956169856e+01 1.261746472213076372e-03
1.839994934082031250e+03 1.211471641954852885e+01 1.256142855837007405e-03
1.840015747070312500e+03 1.211143322595435379e+01 1.254593766949333930e-03
1.840036560058593750e+03 1.211302535619529053e+01 1.258163925950676453e-03
1.840057373046875000e+03 1.211001299848385315e+01 1.254959005229670365e-03
1.840078186035156250e+03 1.211194033949798587e+01 1.257292893925461563e-03
1.840099060058593750e+03 1.211315273113061863e+01 1.258652540930963945e-03
1.840119873046875000e+03 1.211564605350973522e+01 1.261430164579795989e-03
1.840140686035156250e+03 1.211379986674181097e+01 1.260580280819531334e-03
1.840161560058593750e+03 1.211014414495005553e+01 1.256075992175945078e-03
1.840182373046875000e+03 1.211170312320229669e+01 1.260115564031562795e-03
1.840203186035156250e+03 1.211461902056250928e+01 1.263091451150412858e-03
1.840224060058593750e+03 1.211385228995458618e+01 1.262907760686703476e-03
1.840244873046875000e+03 1.211556360906109653e+01 1.266002723091309064e-03
1.840265686035156250e+03 1.211334307782043318e+01 1.263716758101131581e-03
1.840286560058593750e+03 1.211067570198494181e+01 1.261142777878456345e-03
1.840307373046875000e+03 1.211591823394810952e+01 1.268685861098876530e-03
1.840328186035156250e+03 1.211767187427495962e+01 1.272324027596411292e-03
1.840349060058593750e+03 1.211957912976712848e+01 1.274131860860132489e-03
1.840369873046875000e+03 1.211814241606319698e+01 1.272783996129640566e-03
1.840390686035156250e+03 1.211920470921710624e+01 1.277166838790151854e-03
1.840411560058593750e+03 1.211957263205165347e+01 1.277673834821507065e-03
1.840432373046875000e+03 1.212312936099176319e+01 1.280206316717088198e-03
1.840453186035156250e+03 1.212344595374752565e+01 1.282560533385404501e-03
1.840474060058593750e+03 1.211859835849118916e+01 1.277666185211808348e-03
1.840494873046875000e+03 1.212201280563105499e+01 1.283715870157607804e-03
1.840515686035156250e+03 1.212066642078830370e+01 1.284756722656226488e-03
1.840536560058593750e+03 1.211614667489861752e+01 1.281745369667410331e-03
1.840557373046875000e+03 1.211839036026530891e+01 1.286102776726532173e-03
1.840578186035156250e+03 1.211409512723520265e+01 1.281648045937451574e-03
1.840599060058593750e+03 1.211816937420915430e+01 1.289560625683096188e-03
1.840619873046875000e+03 1.211771655441022055e+01 1.291324165934578088e-03
1.840640686035156250e+03 1.211496583985675457e+01 1.290281841237440278e-03
1.840661560058593750e+03 1.211503430675131376e+01 1.293458543609900084e-03
