1.816098815917968750e+03 1.232828334531222225e+01 2.342549594878502121e-03
1.816119628906250000e+03 1.232346483025620643e+01 2.330887061979618289e-03
1.816140441894531250e+03 1.232082112772664750e+01 2.326738120453981061e-03
1.816161315917968750e+03 1.232084891856479381e+01 2.331153001503054930e-03
1.816182128906250000e+03 1.231914344320536081e+01 2.325059210854876074e-03
1.816202941894531250e+03 1.231806528763026165e+01 2.327466546706232625e-03
1.816223815917968750e+03 1.232402923758387558e+01 2.334611617131041907e-03
1.816244628906250000e+03 1.231886002317433615e+01 2.324098011557247483e-03
1.816265441894531250e+03 1.232401510681400580e+01 2.336773091314146237e-03
1.816286315917968750e+03 1.232204346256701477e+01 2.331079067870183655e-03
1.816307128906250000e+03 1.232985595977805460e+01 2.352521420193369461e-03
1.816327941894531250e+03 1.232634292728928394e+01 2.338674233822593453e-03
1.816348815917968750e+03 1.232604628884903342e+01 2.337366906772804422e-03
1.816369628906250000e+03 1.233120374958176946e+01 2.347034853603032888e-03
1.816390441894531250e+03 1.233702259800640633e+01 2.360887574189937665e-03
1.816411315917968750e+03 1.233577404726774063e+01 2.357212035603840211e-03
1.816432128906250000e+03 1.233709303482092245e+01 2.358067401120798184e-03
1.816452941894531250e+03 1.234163870653036454e+01 2.366573448685309247e-03
1.816473815917968750e+03 1.235197794533170779e+01 2.391079331563968936e-03
1.816494628906250000e+03 1.235507507384237691e+01 2.402966350433007135e-03
1.816515441894531250e+03 1.234855898019768539e+01 2.383445412825484395e-03
1.816536315917968750e+03 1.235995040433428471e+01 2.405013628510385779e-03
1.816557128906250000e+03 1.236210601501905337e+01 2.423946475828741166e-03
1.816577941894531250e+03 1.236188834790370095e+01 2.412417199977832070e-03
1.816598815917968750e+03 1.236073261159734038e+01 2.408579784981092816e-03
1.816619628906250000e+03 1.235846933810040582e+01 2.402462596506479801e-03
1.816640441894531250e+03 1.235366827372391541e+01 2.392648896063368294e-03
1.816661315917968750e+03 1.235784787992543343e+01 2.402029117720397202e-03
1.816682128906250000e+03 1.236104404480669672e+01 2.408282510102610196e-03
1.816702941894531250e+03 1.235589983052138940e+01 2.400661981764880010e-03
1.816723815917968750e+03 1.235767881106393418e+01 2.401854502776830293e-03
1.816744628906250000e+03 1.236089980407376565e+01 2.407828093047297176e-03
1.816765441894531250e+03 1.235913048113510015e+01 2.407323473875779603e-03
1.816786315917968750e+03 1.235615779627056909e+01 2.399091041565408131e-03
1.816807128906250000e+03 1.234680889507505164e+01 2.381057718452409769e-03
1.816827941894531250e+03 1.234764004139475446e+01 2.379908264386930775e-03
1.816848815917968750e+03 1.234759942336108907e+01 2.387708115637072939e-03
1.816869628906250000e+03 1.234677588335221721e+01 2.381604943419667313e-03
1.816890441894531250e+03 1.234514917486701613e+01 2.375071729607806329e-03
1.816911315917968750e+03 1.233789155797572157e+01 2.359105084756076953e-03
1.816932128906250000e+03 1.234023914568806113e+01 2.367052443865207308e-03
1.816952941894531250e+03 1.234163607042475341e+01 2.369871374534445081e-03
1.816973815917968750e+03 1.233621087256437399e+01 2.360540812829188886e-03
1.816994628906250000e+03 1.233690581420392540e+01 2.362745547955334181e-03
1.817015441894531250e+03 1.233099931292804641e+01 2.347582289759817236e-03
1.817036315917968750e+03 1.232879868665004075e+01 2.344567170878895327e-03
1.817057128906250000e+03 1.232815099923853808e+01 2.345737242934410952e-03
1.817077941894531250e+03 1.232368304608829490e+01 2.333812794373063201e-03
1.817098815917968750e+03 1.232770321811224790e+01 2.343706031080875808e-03
1.817119628906250000e+03 1.232366261962683396e+01 2.331936004002656878e-03
1.817140441894531250e+03 1.232572325682007452e+01 2.338012499496992368e-03
1.817161315917968750e+03 1.233309759512043691e+01 2.352699355262539201e-03
1.817182128906250000e+03 1.232967262513221307e+01 2.343517237407394347e-03
1.817202941894531250e+03 1.233472560957265429e+01 2.353809312006609460e-03
1.817223815917968750e+03 1.233211514303953216e+01 2.349350941274757840e-03
1.817244628906250000e+03 1.233388721774085539e+01 2.352997121526570826e-03
1.817265441894531250e+03 1.233740607288651603e+01 2.359288067080749993e-03
1.817286315917968750e+03 1.233935061756272233e+01 2.364706562705090262e-03
1.817307128906250000e+03 1.234052791658507964e+01 2.375449790362387913e-03
1.817327941894531250e+03 1.234244875269837216e+01 2.370892982376789169e-03
1.817348815917968750e+03 1.234339377256367953e+01 2.371695714103535906e-03
1.817369628906250000e+03 1.234447565173781847e+01 2.373325114393994625e-03
1.817390441894531250e+03 1.234792510256562181e+01 2.390565462779676870e-03
1.817411315917968750e+03 1.234780869286389127e+01 2.379699073663118017e-03
1.817432128906250000e+03 1.235218708483371408e+01 2.389711719657164682e-03
1.817452941894531250e+03 1.235031586262003422e+01 2.385774326862404125e-03
1.817473815917968750e+03 1.234869731461468234e+01 2.381595959260913564e-03
1.817494628906250000e+03 1.234837732600161608e+01 2.382796147306572715e-03
1.817515441894531250e+03 1.234700727153493816e+01 2.389363909814121428e-03
1.817536315917968750e+03 1.235077500361502345e+01 2.387692927424357216e-03
1.817557128906250000e+03 1.234963470545204700e+01 2.384502458594987221e-03
1.817577941894531250e+03 1.234761127214424903e+01 2.380095289762608913e-03
1.817598815917968750e+03 1.234945971862589964e+01 2.388030121717178624e-03
1.817619628906250000e+03 1.234789515305904395e+01 2.387031248465859828e-03
1.817640441894531250e+03 1.234584417338474971e+01 2.383749425461434857e-03
1.817661315917968750e+03 1.234484672268020233e+01 2.376502489372587113e-03
1.817682128906250000e+03 1.234468836214888654e+01 2.383746242519541730e-03
1.817702941894531250e+03 1.234681201042599596e+01 2.379627587931836073e-03
1.817723815917968750e+03 1.234707616227778182e+01 2.383538875671289536e-03
1.817744628906250000e+03 1.234126568336243857e+01 2.371518666116249376e-03
1.817765441894531250e+03 1.234294401168818034e+01 2.373079759491625133e-03
1.817786315917968750e+03 1.233798146982875998e+01 2.368208033717987288e-03
1.817807128906250000e+03 1.233809114141090646e+01 2.362222556912181061e-03
1.817827941894531250e+03 1.234104152905754326e+01 2.368308020965707861e-03
1.817848815917968750e+03 1.233588185976132934e+01 2.358913884959099299e-03
1.817869628906250000e+03 1.233459856431523427e+01 2.353550467480261792e-03
1.817890441894531250e+03 1.233027395935924098e+01 2.346363444250481201e-03
1.817911315917968750e+03 1.233246298470278646e+01 2.354003864056807786e-03
1.817932128906250000e+03 1.233053334241121135e+01 2.349180830069504209e-03
1.817952941894531250e+03 1.232645917168727578e+01 2.342624321062369581e-03
1.817973815917968750e+03 1.232484009709238926e+01 2.336165858057784837e-03
1.817994628906250000e+03 1.232846573047471672e+01 2.346935000514096658e-03
1.818015441894531250e+03 1.232651455822019848e+01 2.342454731438925377e-03
1.818036315917968750e+03 1.233134183516703075e+01 2.350142302700799265e-03
1.818057128906250000e+03 1.233399495350655783e+01 2.354555532611498237e-03
1.818077941894531250e+03 1.233428740670673029e+01 2.356552142842288384e-03
1.818098815917968750e+03 1.233541774504126387e+01 2.358615618544792746e-03
1.818119628906250000e+03 1.233541862202961781e+01 2.355786145411482672e-03
1.818140441894531250e+03 1.234268776176865146e+01 2.369975174840517791e-03
1.818161315917968750e+03 1.234299508177717186e+01 2.371240864043078558e-03
1.818182128906250000e+03 1.233919512874642699e+01 2.364658980899837868e-03
1.818202941894531250e+03 1.234683657724376893e+01 2.379334696197553476e-03
1.818223815917968750e+03 1.234352451857890109e+01 2.372396706076822150e-03
1.818244628906250000e+03 1.234115620445745343e+01 2.371467612660226737e-03
1.818265441894531250e+03 1.234264126126330829e+01 2.371116238310697066e-03
1.818286315917968750e+03 1.234204875268577517e+01 2.369488625277259113e-03
1.818307128906250000e+03 1.234286296043330644e+01 2.375706174962197506e-03
1.818327941894531250e+03 1.234218214211741405e+01 2.370471443831733815e-03
1.818348815917968750e+03 1.233951045308193883e+01 2.370857021787247873e-03
1.818369628906250000e+03 1.233523975396304628e+01 2.358738040875400701e-03
1.818390441894531250e+03 1.233620664813286361e+01 2.365771481742453240e-03
1.818411315917968750e+03 1.233547139355515476e+01 2.357011045907871256e-03
1.818432128906250000e+03 1.233656970073843695e+01 2.358437034493527512e-03
1.818452941894531250e+03 1.233481915814352625e+01 2.355784166317645510e-03
1.818473815917968750e+03 1.234222928686816267e+01 2.370493543431629983e-03
1.818494628906250000e+03 1.234348303605874442e+01 2.374428991257112893e-03
1.818515441894531250e+03 1.234600792363110777e+01 2.379138240872084691e-03
1.818536315917968750e+03 1.234898797121305414e+01 2.383589352312382153e-03
1.818557128906250000e+03 1.234661644626316424e+01 2.380940674164771544e-03
1.818577941894531250e+03 1.234677166154211037e+01 2.381011029977559215e-03
1.818598815917968750e+03 1.234922422951535737e+01 2.386462571827592874e-03
1.818619628906250000e+03 1.234609920699409358e+01 2.378676110951512008e-03
1.818640441894531250e+03 1.234995302101326864e+01 2.386135562950524903e-03
1.818661315917968750e+03 1.234876851560456856e+01 2.390412770919042324e-03
1.818682128906250000e+03 1.235311772382310558e+01 2.392950533161056128e-03
1.818702941894531250e+03 1.235325423090152341e+01 2.394664965199611549e-03
1.818723815917968750e+03 1.234758886158933677e+01 2.380516172099949364e-03
1.818744628906250000e+03 1.235124118698879592e+01 2.388357577984280035e-03
1.818765441894531250e+03 1.234213871261246176e+01 2.369861613007357998e-03
1.818786315917968750e+03 1.233808710051738977e+01 2.360439824367712748e-03
1.818807128906250000e+03 1.233426915755525499e+01 2.355670902667739413e-03
1.818827941894531250e+03 1.233275864985228765e+01 2.351028001831185175e-03
1.818848815917968750e+03 1.233448534063493796e+01 2.355152099509725226e-03
1.818869628906250000e+03 1.233379547325224479e+01 2.358616405616920705e-03
1.818890441894531250e+03 1.233402384478200808e+01 2.353178419246834772e-03
1.818911315917968750e+03 1.232993675758965679e+01 2.343679326872980927e-03
1.818932128906250000e+03 1.233533466117363808e+01 2.357469724268263910e-03
1.818952941894531250e+03 1.234141717868823207e+01 2.368948215677811608e-03
1.818973815917968750e+03 1.233933910530445921e+01 2.366082756316936851e-03
1.818994628906250000e+03 1.233856121777569292e+01 2.370812528038865590e-03
1.819015441894531250e+03 1.233705836058243754e+01 2.359109111375309008e-03
1.819036315917968750e+03 1.234308116712545278e+01 2.375753490221675299e-03
1.819057128906250000e+03 1.234168874961724605e+01 2.367298350768761144e-03
1.819077941894531250e+03 1.234273736431926771e+01 2.374242907751482421e-03
1.819098815917968750e+03 1.233876643880745050e+01 2.364232448855363433e-03
1.819119628906250000e+03 1.234161285963269528e+01 2.370918129338253719e-03
1.819140441894531250e+03 1.234490132204273216e+01 2.378887869477773736e-03
1.819161315917968750e+03 1.234753818546762361e+01 2.381795425990372236e-03
1.819182128906250000e+03 1.234993250734979320e+01 2.384723717907317412e-03
1.819202941894531250e+03 1.235108085025140667e+01 2.388222201102468620e-03
1.819223815917968750e+03 1.234926388808869113e+01 2.387577162348380501e-03
1.819244628906250000e+03 1.234040364715221294e+01 2.369016756360562120e-03
1.819265441894531250e+03 1.234310776510901775e+01 2.378929930823795325e-03
1.819286315917968750e+03 1.234300584861771810e+01 2.372039600161126791e-03
1.819307128906250000e+03 1.233915435635987912e+01 2.365545682236083313e-03
1.819327941894531250e+03 1.233976816488749861e+01 2.364408359240760538e-03
1.819348815917968750e+03 1.233937411245890736e+01 2.372759224393091674e-03
1.819369628906250000e+03 1.233913924316849631e+01 2.363283423963433248e-03
1.819390441894531250e+03 1.234824486128434273e+01 2.390000275262849170e-03
1.819411315917968750e+03 1.234325797176566653e+01 2.370387926784750347e-03
1.819432128906250000e+03 1.234337565986339058e+01 2.376193798173937069e-03
1.819452941894531250e+03 1.234967852170029090e+01 2.393834832519539917e-03
1.819473815917968750e+03 1.235090930885434801e+01 2.391330114564892400e-03
1.819494628906250000e+03 1.235159079296524531e+01 2.388513458929427107e-03
1.819515441894531250e+03 1.235007502064622287e+01 2.390780627994823146e-03
1.819536315917968750e+03 1.234743769806468094e+01 2.385198483612924279e-03
1.819557128906250000e+03 1.235208970385835592e+01 2.389175680725527922e-03
1.819577941894531250e+03 1.234972414855154099e+01 2.384366622559120751e-03
1.819598815917968750e+03 1.235593917641122097e+01 2.400162959983086469e-03
1.819619628906250000e+03 1.235560422814371861e+01 2.397039642919746201e-03
1.819640441894531250e+03 1.235263322566963140e+01 2.414973598659056302e-03
1.819661315917968750e+03 1.234792235236244018e+01 2.382720298635049479e-03
1.819682128906250000e+03 1.235028302001328449e+01 2.386445402141534975e-03
1.819702941894531250e+03 1.234125325321131150e+01 2.371392012357498216e-03
1.819723815917968750e+03 1.234507884831724311e+01 2.379688029940662392e-03
1.819744628906250000e+03 1.234066983645546323e+01 2.372041946900543298e-03
1.819765441894531250e+03 1.233615011499647451e+01 2.361431569484005299e-03
1.819786315917968750e+03 1.233440077786674394e+01 2.361018015516457794e-03
1.819807128906250000e+03 1.233701956858399562e+01 2.360583834633694488e-03
1.819827941894531250e+03 1.234103826514916591e+01 2.371445483925367463e-03
1.819848815917968750e+03 1.234151052783639635e+01 2.371166549989475909e-03
1.819869628906250000e+03 1.233792369390337740e+01 2.361451826833664992e-03
1.819890441894531250e+03 1.234213094326638682e+01 2.373744808893206437e-03
1.819911315917968750e+03 1.234216366758996664e+01 2.369455471127241298e-03
1.819932128906250000e+03 1.234323145208506922e+01 2.373924595452896538e-03
1.819952941894531250e+03 1.234163331641053496e+01 2.372347548713163792e-03
1.819973815917968750e+03 1.233300105799886204e+01 2.350437295089776325e-03
1.819994628906250000e+03 1.233772275195670076e+01 2.361926431476830696e-03
1.820015441894531250e+03 1.233615037041743179e+01 2.359990361543767325e-03
1.820036315917968750e+03 1.233737224793655329e+01 2.361917365557054515e-03
1.820057128906250000e+03 1.233605954395662430e+01 2.359929504078812305e-03
1.820077941894531250e+03 1.233973543186727717e+01 2.367731000393663056e-03
1.820098815917968750e+03 1.234131073596521944e+01 2.369372596146369914e-03
1.820119628906250000e+03 1.233911267793655853e+01 2.375827055975820393e-03
1.820140441894531250e+03 1.234188342411675343e+01 2.371102682879345017e-03
1.820161315917968750e+03 1.234110342593566756e+01 2.370018617695561144e-03
1.820182128906250000e+03 1.234132463383162737e+01 2.369177593082992962e-03
1.820202941894531250e+03 1.233773700997247325e+01 2.359954767856550957e-03
1.820223815917968750e+03 1.234299148317960437e+01 2.373406313633283620e-03
1.820244628906250000e+03 1.234062506272593396e+01 2.367692292325233264e-03
1.820265441894531250e+03 1.234058067542015102e+01 2.369170740400489920e-03
1.820286315917968750e+03 1.235237592649408001e+01 2.399831667825161330e-03
1.820307128906250000e+03 1.235299987896197038e+01 2.391027507700489718e-03
1.820327941894531250e+03 1.235242589850643391e+01 2.391000773884249982e-03
1.820348815917968750e+03 1.235858158554396269e+01 2.404263640612961349e-03
1.820369628906250000e+03 1.235475982305976750e+01 2.396012419974521621e-03
1.820390441894531250e+03 1.235781406099557778e+01 2.401558473509275878e-03
1.820411315917968750e+03 1.235728009955211704e+01 2.404153242228214936e-03
1.820432128906250000e+03 1.235508089161434242e+01 2.402994036934781932e-03
1.820452941894531250e+03 1.235511825543005138e+01 2.399305260091809649e-03
1.820473815917968750e+03 1.235727356096565011e+01 2.402124582149788717e-03
1.820494628906250000e+03 1.235105117970749333e+01 2.387088833758834860e-03
1.820515441894531250e+03 1.235258675738232093e+01 2.396013343022454414e-03
1.820536315917968750e+03 1.234780834865079946e+01 2.382709317929426057e-03
1.820557128906250000e+03 1.234810546083656568e+01 2.383830178704780551e-03
1.820577941894531250e+03 1.234742964979957769e+01 2.385163579566129070e-03
1.820598815917968750e+03 1.234651435814428666e+01 2.380477238682567401e-03
1.820619628906250000e+03 1.234118502463164191e+01 2.369561273429132264e-03
1.820640441894531250e+03 1.234246233313615981e+01 2.371400932319450445e-03
1.820661315917968750e+03 1.233525090756984532e+01 2.357915511624192589e-03
1.820682128906250000e+03 1.233466333149435989e+01 2.357735248838201906e-03
1.820702941894531250e+03 1.233116559938806489e+01 2.361447122959402234e-03
1.820723815917968750e+03 1.233637707518375493e+01 2.361013649003371358e-03
1.820744628906250000e+03 1.233215727874566525e+01 2.351621946391055287e-03
1.820765441894531250e+03 1.233115981601065236e+01 2.351692992187952302e-03
1.820786315917968750e+03 1.233754457943528493e+01 2.360702487730145013e-03
1.820807128906250000e+03 1.233396316990368824e+01 2.353981840083053251e-03
1.820827941894531250e+03 1.233718908137934100e+01 2.363427868297571840e-03
1.820848815917968750e+03 1.233880824796279541e+01 2.363672414709539534e-03
1.820869628906250000e+03 1.234191288378466922e+01 2.373219030158951488e-03
1.820890441894531250e+03 1.233818855745038512e+01 2.364288104483076684e-03
1.820911315917968750e+03 1.233752158883354610e+01 2.372109031118159114e-03
1.820932128906250000e+03 1.233390249447940512e+01 2.356349358133132729e-03
1.820952941894531250e+03 1.234044714347389338e+01 2.366634585009281307e-03
1.820973815917968750e+03 1.233244786679632377e+01 2.351397589367884219e-03
1.820994628906250000e+03 1.233716562092253355e+01 2.364133698938006029e-03
1.821015441894531250e+03 1.233812411219435390e+01 2.366593317059467391e-03
1.821036315917968750e+03 1.234141756292659053e+01 2.370011986703625916e-03
1.821057128906250000e+03 1.234129589294971119e+01 2.369336910940991574e-03
1.821077941894531250e+03 1.234593421559244497e+01 2.379883847981963032e-03
1.821098815917968750e+03 1.234652917735575706e+01 2.383091535997214003e-03
1.821119628906250000e+03 1.234187794983701103e+01 2.377282478347117652e-03
1.821161315917968750e+03 1.234961607083499580e+01 2.389456126115445649e-03
1.821182128906250000e+03 1.234901360129350500e+01 2.385704924319855241e-03
1.821202941894531250e+03 1.234972147666150377e+01 2.384613914093838220e-03
1.821223815917968750e+03 1.235695930634403972e+01 2.400360125445671899e-03
1.821244628906250000e+03 1.235534886863811899e+01 2.402904296465536993e-03
1.821265441894531250e+03 1.235939213624023481e+01 2.411577432837867796e-03
1.821286315917968750e+03 1.235488309742421187e+01 2.404246781209307821e-03
1.821307128906250000e+03 1.235635941746651767e+01 2.401037018631823044e-03
1.821327941894531250e+03 1.235226584259559068e+01 2.392735752211032178e-03
1.821348815917968750e+03 1.234988535200912096e+01 2.389887283270396984e-03
1.821369628906250000e+03 1.234984442323159826e+01 2.386912023008093409e-03
1.821390441894531250e+03 1.234711896476342829e+01 2.386112350080721919e-03
1.821411315917968750e+03 1.234517625242292738e+01 2.386067977173463202e-03
1.821432128906250000e+03 1.233820176702413285e+01 2.362277261723925818e-03
1.821452941894531250e+03 1.233901371061927499e+01 2.362543767084855639e-03
1.821473815917968750e+03 1.233765320163017165e+01 2.360991740377773630e-03
1.821494628906250000e+03 1.233362514383270003e+01 2.354897056220580601e-03
1.821515441894531250e+03 1.233300212481299596e+01 2.351670648096076521e-03
1.821536315917968750e+03 1.233406069053765464e+01 2.357218321028406449e-03
1.821557128906250000e+03 1.233175429847187843e+01 2.354895897888650228e-03
1.821577941894531250e+03 1.233236294692453150e+01 2.361209327502570600e-03
1.821598815917968750e+03 1.233226738443250703e+01 2.351359378009077513e-03
1.821619628906250000e+03 1.232861097693320218e+01 2.344017946215020288e-03
1.821640441894531250e+03 1.232967832909918471e+01 2.346478192472675750e-03
1.821661315917968750e+03 1.233553186856028638e+01 2.358228416039900854e-03
1.821682128906250000e+03 1.234165936297418220e+01 2.371267207641620297e-03
1.821702941894531250e+03 1.234298679886637018e+01 2.376628639759472382e-03
1.821723815917968750e+03 1.234158887449515341e+01 2.367823670997352969e-03
1.821744628906250000e+03 1.234343559609630780e+01 2.373132170700802904e-03
1.821765441894531250e+03 1.234351184235845444e+01 2.372172470317948732e-03
1.821786315917968750e+03 1.234770117102123699e+01 2.381499541428575614e-03
1.821807128906250000e+03 1.234196686144405675e+01 2.372214868517847144e-03
1.821827941894531250e+03 1.234445580307525248e+01 2.377744104107625076e-03
1.821848815917968750e+03 1.234397644698624141e+01 2.375250368708542621e-03
1.821869628906250000e+03 1.234189285781102186e+01 2.370069481558208062e-03
1.821890441894531250e+03 1.234527559310199329e+01 2.375082370353631157e-03
1.821911315917968750e+03 1.234532455800670370e+01 2.377006539487404920e-03
1.821932128906250000e+03 1.234399826603625172e+01 2.374742942084479436e-03
1.821952941894531250e+03 1.234707118384722868e+01 2.387804362565842681e-03
1.821973815917968750e+03 1.234483627581657039e+01 2.379668445206016732e-03
1.821994628906250000e+03 1.234656953506648058e+01 2.380036249596559871e-03
1.822015441894531250e+03 1.234474595150645015e+01 2.375752083999377404e-03
1.822036315917968750e+03 1.234904493443181295e+01 2.385893304316393307e-03
1.822057128906250000e+03 1.234965394620878065e+01 2.387375545703273975e-03
1.822077941894531250e+03 1.234936720231857166e+01 2.390318820708523060e-03
1.822098815917968750e+03 1.234877481441952796e+01 2.382046779273974853e-03
1.822119628906250000e+03 1.235395642165848429e+01 2.401531679363617597e-03
1.822140441894531250e+03 1.235971784557717612e+01 2.407309995655413856e-03
1.822161315917968750e+03 1.235823322906750477e+01 2.404489147440244147e-03
1.822182128906250000e+03 1.235942255416185453e+01 2.408021879524383652e-03
1.822202941894531250e+03 1.235914912985692204e+01 2.407806174245720465e-03
1.822223815917968750e+03 1.235658079071470894e+01 2.407524904186422211e-03
1.822244628906250000e+03 1.235205392314134443e+01 2.393017689283744118e-03
1.822265441894531250e+03 1.234420144112456974e+01 2.375671896725077212e-03
1.822286315917968750e+03 1.234336039904753868e+01 2.371526540828644124e-03
1.822307128906250000e+03 1.234053538606086775e+01 2.368838295548226364e-03
1.822327941894531250e+03 1.233299986853820229e+01 2.354841356279864864e-03
1.822348815917968750e+03 1.233573968692041056e+01 2.358170075288071928e-03
1.822369628906250000e+03 1.233587708124213478e+01 2.364330064220513446e-03
1.822390441894531250e+03 1.233649811035061106e+01 2.362808675066104674e-03
1.822411315917968750e+03 1.234016034863257616e+01 2.368645622062654377e-03
1.822432128906250000e+03 1.233843176221687266e+01 2.364691369664541961e-03
1.822452941894531250e+03 1.233140335091157702e+01 2.351952255776941329e-03
1.822473815917968750e+03 1.234049260401530823e+01 2.369711814099486648e-03
1.822494628906250000e+03 1.234061456416879210e+01 2.369687519136664308e-03
1.822515441894531250e+03 1.233705201887420344e+01 2.369596842150862356e-03
1.822536315917968750e+03 1.233857196194670003e+01 2.367697082122568498e-03
1.822557128906250000e+03 1.233827840218598304e+01 2.367653396186478968e-03
1.822577941894531250e+03 1.233914464097995456e+01 2.365167868320061303e-03
1.822598815917968750e+03 1.234244888389553374e+01 2.370255598218740968e-03
1.822619628906250000e+03 1.234390150801798391e+01 2.382609024277115850e-03
1.822640441894531250e+03 1.234802090694865662e+01 2.384578078729603177e-03
1.822661315917968750e+03 1.234864262214408903e+01 2.385744789975826480e-03
1.822682128906250000e+03 1.234641370866543753e+01 2.380670960989649497e-03
1.822702941894531250e+03 1.234722773957621378e+01 2.380401029885021846e-03
1.822723815917968750e+03 1.233801249512575282e+01 2.362805518604781888e-03
1.822744628906250000e+03 1.233652370150398170e+01 2.363512155119477064e-03
1.822765441894531250e+03 1.233822247308218323e+01 2.365043641633364762e-03
1.822786315917968750e+03 1.233697320293600441e+01 2.361286269884108318e-03
1.822807128906250000e+03 1.233621083798325557e+01 2.362415732731876130e-03
1.822827941894531250e+03 1.234212543139477525e+01 2.371421935643669605e-03
1.822848815917968750e+03 1.233802557046046111e+01 2.368756304305599022e-03
1.822869628906250000e+03 1.233756323875878458e+01 2.377487034406357280e-03
1.822890441894531250e+03 1.233991650393238437e+01 2.367328988911604221e-03
1.822911315917968750e+03 1.234297345604085194e+01 2.374907212562967548e-03
1.822932128906250000e+03 1.233961260340883648e+01 2.384897467795885333e-03
1.822952941894531250e+03 1.233809136029209341e+01 2.363901020234374355e-03
1.822973815917968750e+03 1.234350523396784283e+01 2.376838834492269598e-03
1.822994628906250000e+03 1.234275738553518309e+01 2.379509911279953545e-03
1.823015441894531250e+03 1.234248981142460444e+01 2.372293108703090510e-03
1.823036315917968750e+03 1.234557634937949189e+01 2.385733260809392436e-03
1.823057128906250000e+03 1.234275950223197782e+01 2.375397611415902294e-03
1.823077941894531250e+03 1.234013702408054058e+01 2.376975687307896715e-03
1.823098815917968750e+03 1.234267793002799607e+01 2.372700684652047018e-03
1.823119628906250000e+03 1.234506181973288186e+01 2.376471280189157691e-03
1.823140441894531250e+03 1.234509729781460941e+01 2.377488365017044886e-03
1.823161315917968750e+03 1.234398546576952072e+01 2.380890056378228998e-03
1.823182128906250000e+03 1.234294916566316047e+01 2.373252288828049759e-03
1.823202941894531250e+03 1.233497530009701393e+01 2.356719180030966872e-03
1.823223815917968750e+03 1.234105164590087966e+01 2.370468220068883830e-03
1.823244628906250000e+03 1.233874852544605893e+01 2.376542761730663072e-03
1.823265441894531250e+03 1.234159139160242269e+01 2.370824695015608542e-03
1.823286315917968750e+03 1.234348620531418206e+01 2.375988268982732240e-03
1.823307128906250000e+03 1.233949414576817993e+01 2.366447181458781416e-03
1.823327941894531250e+03 1.233972430359806438e+01 2.367028286104127122e-03
1.823348815917968750e+03 1.234447024160532713e+01 2.379316034256285118e-03
1.823369628906250000e+03 1.234382494879067949e+01 2.373223014527232975e-03
1.823390441894531250e+03 1.234494968005829207e+01 2.376515847034281308e-03
1.823411315917968750e+03 1.234528347164883755e+01 2.378536160450408707e-03
1.823432128906250000e+03 1.234349836795335342e+01 2.377546580133924753e-03
1.823452941894531250e+03 1.234233889507112814e+01 2.370199781068691412e-03
1.823473815917968750e+03 1.234379004461679941e+01 2.381721094950502594e-03
1.823494628906250000e+03 1.233896262473105665e+01 2.364530253333136690e-03
1.823515441894531250e+03 1.233991181947988558e+01 2.368985289803689828e-03
1.823536315917968750e+03 1.234535668355873916e+01 2.381265390272478862e-03
1.823557128906250000e+03 1.234469108959988226e+01 2.374396659060089461e-03
1.823577941894531250e+03 1.234737603981431953e+01 2.381050854397356691e-03
1.823598815917968750e+03 1.234737453760170389e+01 2.382010165413916015e-03
1.823619628906250000e+03 1.234615933384460362e+01 2.379655693485133085e-03
1.823640441894531250e+03 1.234316353601176885e+01 2.379641451641800829e-03
1.823661315917968750e+03 1.234135062777908942e+01 2.371663219849597711e-03
1.823682128906250000e+03 1.234231300125856912e+01 2.377194760105273436e-03
1.823702941894531250e+03 1.234293189165892635e+01 2.383084082698531340e-03
1.823723815917968750e+03 1.234417890813832308e+01 2.374656737935045264e-03
1.823744628906250000e+03 1.234519305595262573e+01 2.378228888946915670e-03
1.823765441894531250e+03 1.234332427851041025e+01 2.376981837501351488e-03
1.823786315917968750e+03 1.234388495344709469e+01 2.371869081054401879e-03
1.823807128906250000e+03 1.234169312297351695e+01 2.371131054809278056e-03
1.823827941894531250e+03 1.233871108609956657e+01 2.364893974178062293e-03
1.823848815917968750e+03 1.234495319082747677e+01 2.375371006859588238e-03
1.823869628906250000e+03 1.234752595598538782e+01 2.390811906887057702e-03
1.823890441894531250e+03 1.234323674290275541e+01 2.371355782562209382e-03
1.823911315917968750e+03 1.233926737688302921e+01 2.364655467552903307e-03
1.823932128906250000e+03 1.234005617710782765e+01 2.366133729693281357e-03
1.823952941894531250e+03 1.233940278416189784e+01 2.372714670449672936e-03
1.823973815917968750e+03 1.233753298394546327e+01 2.374630743401061599e-03
1.823994628906250000e+03 1.234242500083796656e+01 2.371260555486324507e-03
1.824015441894531250e+03 1.234438071268312598e+01 2.382022957024045647e-03
1.824036315917968750e+03 1.234290675672495219e+01 2.375571011794974652e-03
1.824057128906250000e+03 1.234443485055951406e+01 2.376092905929632314e-03
1.824077941894531250e+03 1.233615369995095357e+01 2.358590275748129444e-03
1.824098815917968750e+03 1.234374031406221484e+01 2.378744512797905612e-03
1.824119628906250000e+03 1.234878556996371479e+01 2.386334762143187040e-03
1.824140441894531250e+03 1.234829023169427842e+01 2.384834783461865435e-03
1.824161315917968750e+03 1.234599646895369141e+01 2.384148911599244438e-03
1.824182128906250000e+03 1.235052321606891645e+01 2.402799706751727188e-03
1.824202941894531250e+03 1.235219690877614163e+01 2.392398307019525695e-03
1.824223815917968750e+03 1.234521641260058367e+01 2.381889526235916269e-03
1.824244628906250000e+03 1.234257951706481293e+01 2.372697280223619917e-03
1.824265441894531250e+03 1.234528791713785090e+01 2.380393539130713776e-03
1.824286315917968750e+03 1.234626456941319361e+01 2.379518082523649110e-03
1.824307128906250000e+03 1.234284841747587969e+01 2.370884506560189380e-03
1.824327941894531250e+03 1.234246038932989897e+01 2.374258024185628511e-03
1.824348815917968750e+03 1.233944294903585437e+01 2.368442310637828077e-03
1.824369628906250000e+03 1.233607107355827104e+01 2.359508660534533498e-03
1.824390441894531250e+03 1.234201739170382162e+01 2.372985562988948628e-03
1.824411315917968750e+03 1.233360738263368717e+01 2.355774130783686547e-03
1.824432128906250000e+03 1.233777315171330358e+01 2.365241502992145028e-03
1.824452941894531250e+03 1.233891517179317532e+01 2.369046485847645621e-03
1.824473815917968750e+03 1.234055662339430270e+01 2.367160304668883969e-03
1.824494628906250000e+03 1.234032783698366131e+01 2.367517554708539924e-03
1.824515441894531250e+03 1.234026131244031887e+01 2.368876502117635025e-03
1.824536315917968750e+03 1.234053918702845820e+01 2.368256661238980678e-03
1.824557128906250000e+03 1.234395842791015063e+01 2.377293321271668931e-03
1.824577941894531250e+03 1.234361461270365190e+01 2.378331604831839582e-03
1.824598815917968750e+03 1.234188581266221973e+01 2.374676457245547892e-03
1.824619628906250000e+03 1.234265190073479168e+01 2.374548487640494154e-03
1.824640441894531250e+03 1.233910518093277453e+01 2.366604436392032770e-03
1.824661315917968750e+03 1.233819212602939430e+01 2.363949287373267281e-03
1.824682128906250000e+03 1.233986514455315131e+01 2.372036389577770327e-03
1.824702941894531250e+03 1.234135006725710149e+01 2.375303320097845849e-03
1.824723815917968750e+03 1.233905351143175899e+01 2.366976085749631590e-03
1.824744628906250000e+03 1.233735191708630907e+01 2.364324068797828225e-03
1.824765441894531250e+03 1.233401617215272417e+01 2.363389811564911656e-03
1.824786315917968750e+03 1.233630547983051784e+01 2.358792454009818636e-03
1.824807128906250000e+03 1.233689206704209340e+01 2.361614268378685322e-03
1.824827941894531250e+03 1.233943989451249656e+01 2.367289684369722636e-03
1.824848815917968750e+03 1.233838018447381479e+01 2.369560702456131179e-03
1.824869628906250000e+03 1.233635993379891715e+01 2.362527661297679060e-03
1.824890441894531250e+03 1.233799615248875092e+01 2.368437793532193227e-03
1.824911315917968750e+03 1.233663657103405420e+01 2.364522706849235371e-03
1.824932128906250000e+03 1.233657943238493715e+01 2.364895797869292441e-03
1.824952941894531250e+03 1.233889753763669184e+01 2.364515694642002532e-03
1.824973815917968750e+03 1.234210495438128241e+01 2.372387387200386010e-03
1.824994628906250000e+03 1.234265136168523469e+01 2.372831832838858367e-03
1.825015441894531250e+03 1.234971168381892426e+01 2.393675028211349979e-03
1.825036315917968750e+03 1.235028060177944731e+01 2.387326812589438390e-03
1.825057128906250000e+03 1.235002719999411447e+01 2.386230945562514173e-03
1.825077941894531250e+03 1.235285606337462738e+01 2.399844277062029504e-03
1.825098815917968750e+03 1.235140550527713721e+01 2.398699932104864443e-03
1.825119628906250000e+03 1.235170270799937065e+01 2.391652310683192034e-03
1.825140441894531250e+03 1.235326603147744784e+01 2.395137297244491481e-03
1.825161315917968750e+03 1.234970568291635296e+01 2.393518838393428327e-03
1.825182128906250000e+03 1.234888171323083661e+01 2.389362706108583406e-03
1.825202941894531250e+03 1.234393937364809091e+01 2.374021491565860530e-03
1.825223815917968750e+03 1.233881509464898407e+01 2.364581757451102856e-03
1.825244628906250000e+03 1.234323997981779009e+01 2.374443160647700824e-03
1.825265441894531250e+03 1.233554589603553886e+01 2.364043537039056155e-03
1.825286315917968750e+03 1.234560434695936415e+01 2.386505527923965531e-03
1.825307128906250000e+03 1.234222301043062409e+01 2.376223306652912922e-03
1.825327941894531250e+03 1.234207303401841394e+01 2.372782819447730521e-03
1.825348815917968750e+03 1.234200567641913615e+01 2.371087739800953158e-03
1.825369628906250000e+03 1.234068718552519961e+01 2.371301315203435105e-03
1.825390441894531250e+03 1.234637579704718746e+01 2.378955528038783143e-03
1.825411315917968750e+03 1.234607087689501803e+01 2.378477040605858454e-03
1.825432128906250000e+03 1.234867989508420116e+01 2.390696376167057453e-03
1.825452941894531250e+03 1.234459101555824212e+01 2.381363004223920748e-03
1.825473815917968750e+03 1.234166173954242751e+01 2.370174349948800906e-03
1.825494628906250000e+03 1.234636011530758459e+01 2.380557879291114471e-03
1.825515441894531250e+03 1.234580283915745547e+01 2.379651136785460985e-03
1.825536315917968750e+03 1.234211724163763435e+01 2.376289753774313111e-03
1.825557128906250000e+03 1.234376860928913011e+01 2.378358383118940340e-03
1.825577941894531250e+03 1.234524968037051451e+01 2.388323496420182226e-03
1.825598815917968750e+03 1.234495275029292749e+01 2.376271855448173782e-03
1.825619628906250000e+03 1.234236480508594092e+01 2.375041161269567623e-03
1.825640441894531250e+03 1.233996151077447401e+01 2.372662986578240752e-03
1.825661315917968750e+03 1.233957838298175602e+01 2.370307488809543506e-03
1.825682128906250000e+03 1.233782078136090909e+01 2.370288626709007515e-03
1.825702941894531250e+03 1.233287798135406810e+01 2.360878315618401488e-03
1.825723815917968750e+03 1.233347074316453984e+01 2.359731896854820338e-03
1.825744628906250000e+03 1.233447805085274851e+01 2.357476215138066059e-03
1.825765441894531250e+03 1.233642945635551058e+01 2.360997493225356052e-03
1.825786315917968750e+03 1.233970719002049243e+01 2.365332183163044999e-03
1.825807128906250000e+03 1.234695641851712544e+01 2.387492452864219388e-03
1.825827941894531250e+03 1.234922634531397456e+01 2.388083531140965457e-03
1.825848815917968750e+03 1.234622405294546077e+01 2.379447032529980691e-03
1.825869628906250000e+03 1.234918153267740948e+01 2.392594801739877236e-03
1.825890441894531250e+03 1.234666810473824228e+01 2.379670225854520378e-03
1.825911315917968750e+03 1.234807525476925427e+01 2.387683639948664626e-03
1.825932128906250000e+03 1.234676892511149049e+01 2.380262045814114831e-03
1.825952941894531250e+03 1.234824781197811028e+01 2.389082908984093562e-03
1.825973815917968750e+03 1.233952983707523465e+01 2.365352731815764491e-03
1.825994628906250000e+03 1.234791934254011103e+01 2.387868169523572719e-03
1.826015441894531250e+03 1.234867967085601315e+01 2.387819359847806293e-03
1.826036315917968750e+03 1.234880718145794631e+01 2.386928829773301685e-03
1.826057128906250000e+03 1.234760324223101158e+01 2.391946049772983741e-03
1.826077941894531250e+03 1.234507328677903892e+01 2.381902334811147534e-03
1.826098815917968750e+03 1.234974791997376009e+01 2.392082007022031196e-03
1.826119628906250000e+03 1.234281237618119498e+01 2.376643507059245618e-03
1.826161315917968750e+03 1.234665281411179549e+01 2.382465081496111785e-03
1.826182128906250000e+03 1.234661696215834503e+01 2.384059422218671054e-03
1.826202941894531250e+03 1.234619565975723354e+01 2.387637425641173095e-03
1.826223815917968750e+03 1.234476864511854721e+01 2.383427502837525986e-03
1.826244628906250000e+03 1.234678719937497426e+01 2.391142953771008967e-03
1.826265441894531250e+03 1.234738634451916184e+01 2.398043981448396388e-03
1.826286315917968750e+03 1.234683673884775423e+01 2.387454071197371575e-03
1.826307128906250000e+03 1.234861207627496960e+01 2.390607653098402070e-03
1.826327941894531250e+03 1.235421846029973914e+01 2.405255133638614304e-03
1.826348815917968750e+03 1.234618656050964525e+01 2.384686103718797884e-03
1.826369628906250000e+03 1.234083635624072350e+01 2.374375936517458818e-03
1.826390441894531250e+03 1.233537795454206254e+01 2.364540964847178326e-03
1.826411254882812500e+03 1.233343819636039207e+01 2.359933915913458181e-03
1.826432067871093750e+03 1.233166273153144665e+01 2.357252210860902742e-03
1.826452941894531250e+03 1.233282915473578889e+01 2.360537896606079971e-03
1.826473754882812500e+03 1.232527099230349421e+01 2.351078001515191553e-03
1.826494567871093750e+03 1.232582538902408942e+01 2.347392499797688274e-03
1.826515441894531250e+03 1.232616845650766635e+01 2.349459253097316031e-03
1.826536254882812500e+03 1.233046216317445065e+01 2.358571216728878612e-03
1.826557067871093750e+03 1.232770596827046106e+01 2.359137938746092011e-03
1.826577941894531250e+03 1.232673799487703015e+01 2.350292060192828072e-03
1.826598754882812500e+03 1.233417546419136457e+01 2.366057301142160223e-03
1.826619567871093750e+03 1.233118856403184260e+01 2.364546361828089114e-03
1.826640441894531250e+03 1.233173689549574448e+01 2.365278727513914735e-03
1.826661254882812500e+03 1.233276626499457862e+01 2.365765642494709053e-03
1.826682067871093750e+03 1.233964827046191814e+01 2.380797959719593328e-03
1.826702941894531250e+03 1.234027125906110633e+01 2.390617977068060836e-03
1.826723754882812500e+03 1.234011650880370325e+01 2.379809676143550528e-03
1.826744567871093750e+03 1.234421713373495422e+01 2.395677971761601011e-03
1.826765441894531250e+03 1.234766749530336760e+01 2.400329263246537941e-03
1.826786254882812500e+03 1.234820481611888887e+01 2.400305250898592414e-03
1.826807067871093750e+03 1.234883658389224337e+01 2.400382446819621183e-03
1.826827941894531250e+03 1.235481279454566739e+01 2.415584782611045981e-03
1.826848754882812500e+03 1.235102372889043387e+01 2.407878494621011264e-03
1.826869567871093750e+03 1.234877396607747180e+01 2.402241772171118984e-03
1.826890441894531250e+03 1.234714625211045913e+01 2.399982852955562240e-03
1.826911254882812500e+03 1.234615410496963683e+01 2.400578509568068730e-03
1.826932067871093750e+03 1.234721698381652466e+01 2.401518143819965107e-03
1.826952941894531250e+03 1.234539261754193973e+01 2.400608507682707761e-03
1.826973754882812500e+03 1.234415356541220454e+01 2.400604088720433103e-03
1.826994567871093750e+03 1.234381467566649704e+01 2.403620869419110465e-03
1.827015441894531250e+03 1.234713065212161887e+01 2.415676210449628492e-03
1.827036254882812500e+03 1.234239646208748020e+01 2.403053980659583099e-03
1.827057067871093750e+03 1.234610920278923096e+01 2.422674373085841396e-03
1.827077941894531250e+03 1.234378358199743708e+01 2.414255719297099013e-03
1.827098754882812500e+03 1.233810710865477134e+01 2.397846445260294699e-03
1.827119567871093750e+03 1.233852937590630283e+01 2.401165928960634788e-03
1.827140441894531250e+03 1.234311946696718110e+01 2.414048710726521708e-03
1.827161254882812500e+03 1.234051209614405842e+01 2.412392034102122784e-03
1.827182067871093750e+03 1.234038418418554706e+01 2.412070803540527185e-03
1.827202941894531250e+03 1.233884097086257725e+01 2.408279342140413372e-03
1.827223754882812500e+03 1.233755421704311672e+01 2.407221043131425701e-03
1.827244567871093750e+03 1.233960452252632400e+01 2.415104511459726083e-03
1.827265441894531250e+03 1.233838512256956221e+01 2.416598839568148780e-03
1.828994567871093750e+03 1.232749079193537511e+01 2.352875668574123513e-03
1.829015441894531250e+03 1.232637616426912430e+01 2.352966663244466898e-03
1.829036254882812500e+03 1.232033559433075887e+01 2.343645611689203732e-03
1.829057067871093750e+03 1.232626907355009749e+01 2.353976983592978144e-03
1.829077941894531250e+03 1.232458159091266126e+01 2.350940233560021297e-03
1.829098754882812500e+03 1.232957570740949471e+01 2.357888309425257810e-03
1.829119567871093750e+03 1.233097745728359129e+01 2.361562786942793691e-03
1.829140441894531250e+03 1.233574181797235525e+01 2.377693190913166953e-03
1.829161254882812500e+03 1.233371503213900588e+01 2.366313724765193704e-03
1.829182067871093750e+03 1.233968037389421291e+01 2.381109401762599928e-03
1.829202941894531250e+03 1.234001897654258251e+01 2.378643635686194385e-03
1.829223754882812500e+03 1.233485220758174705e+01 2.368900208426297661e-03
1.829244567871093750e+03 1.234339360864557200e+01 2.386833915611283070e-03
1.829265441894531250e+03 1.234806059286052893e+01 2.401492892378859038e-03
1.829286254882812500e+03 1.234472790817443588e+01 2.392613650738641823e-03
1.829307067871093750e+03 1.235106121757610964e+01 2.408138199060124492e-03
1.829327941894531250e+03 1.235088026751820500e+01 2.404736585907577863e-03
1.829348754882812500e+03 1.234902699014489436e+01 2.398709530296833960e-03
1.829369567871093750e+03 1.234641579264647326e+01 2.392042492284106314e-03
1.829390441894531250e+03 1.234206755799760913e+01 2.385544325636793431e-03
1.829411254882812500e+03 1.234380793706863777e+01 2.386553710501411636e-03
1.829432067871093750e+03 1.234510153720712822e+01 2.393028433411192087e-03
1.829452941894531250e+03 1.234198872322134477e+01 2.385529479220290568e-03
1.829473754882812500e+03 1.233788187292144656e+01 2.378962783659032722e-03
1.829494567871093750e+03 1.233911420504448309e+01 2.377122948671853923e-03
1.829515441894531250e+03 1.233963363184078510e+01 2.380782552883342097e-03
1.829536254882812500e+03 1.233323939878154718e+01 2.365608537849649747e-03
1.829557067871093750e+03 1.234355877809472801e+01 2.387399738713501078e-03
1.829577941894531250e+03 1.234437934465259268e+01 2.388124937487722151e-03
1.829598754882812500e+03 1.234777545125868770e+01 2.395658856806130547e-03
1.829619567871093750e+03 1.234763195469497354e+01 2.394909938203991246e-03
1.829640441894531250e+03 1.234835590729243471e+01 2.396016639494822492e-03
1.829661254882812500e+03 1.235007727455735882e+01 2.400895666985789195e-03
1.829682067871093750e+03 1.235386210505597582e+01 2.410377601220442360e-03
1.829702941894531250e+03 1.234873693082992752e+01 2.399952389387561159e-03
1.829723754882812500e+03 1.234572540044456268e+01 2.389825313616942247e-03
1.829744567871093750e+03 1.234693975755326356e+01 2.393654971470137241e-03
1.829765441894531250e+03 1.234553918693131536e+01 2.390361265893007400e-03
1.829786254882812500e+03 1.234568548690672607e+01 2.394976088125614060e-03
1.829807067871093750e+03 1.234549234770450887e+01 2.389836772190059942e-03
1.829827941894531250e+03 1.234577543816162581e+01 2.391761918891947402e-03
1.829848754882812500e+03 1.234021580699276122e+01 2.380689979352166273e-03
1.829869567871093750e+03 1.233813887301516132e+01 2.377552965727495159e-03
1.829890441894531250e+03 1.233508407736976764e+01 2.370497781649497353e-03
1.829911254882812500e+03 1.233119595936347146e+01 2.375506561815080020e-03
1.829932067871093750e+03 1.232855330156062479e+01 2.356954309148647734e-03
1.829952941894531250e+03 1.233195249043872721e+01 2.365827567958854894e-03
1.829973754882812500e+03 1.233036615265429781e+01 2.358297214621663408e-03
1.829994567871093750e+03 1.233483216079084599e+01 2.370470058684715896e-03
1.830015441894531250e+03 1.233278277155166691e+01 2.363516314636488706e-03
1.830036254882812500e+03 1.233715567157062409e+01 2.379079999111004089e-03
1.830057067871093750e+03 1.233555540568819531e+01 2.371590843064446189e-03
1.830077941894531250e+03 1.234086826297053641e+01 2.383588548674005388e-03
1.830098754882812500e+03 1.234064615833004019e+01 2.381382269316096797e-03
1.830119567871093750e+03 1.233888497014508978e+01 2.375942364736434876e-03
1.830140441894531250e+03 1.233998440949524777e+01 2.379474647049563581e-03
1.830161254882812500e+03 1.233867438281797746e+01 2.380184645287527004e-03
1.830182067871093750e+03 1.233901004754353181e+01 2.380537591023209817e-03
1.830202941894531250e+03 1.234072481033398638e+01 2.378979035268199635e-03
1.830223754882812500e+03 1.234310001321490091e+01 2.381714527367683864e-03
1.830244567871093750e+03 1.234204568456001638e+01 2.382504868865722991e-03
1.830265441894531250e+03 1.234573483117891790e+01 2.392573408512641085e-03
1.830286254882812500e+03 1.234777755505049690e+01 2.397925406287683154e-03
1.830307067871093750e+03 1.234044157879286985e+01 2.377006325832147805e-03
1.830327941894531250e+03 1.234203872061034701e+01 2.385691904692181526e-03
1.830348754882812500e+03 1.233536331208437353e+01 2.370534348630108385e-03
1.830369567871093750e+03 1.233276560150431145e+01 2.366934959830416761e-03
1.830390380859375000e+03 1.233773806361219627e+01 2.376522356348367317e-03
1.830411193847656250e+03 1.233917879365442616e+01 2.376280204635206929e-03
1.830432067871093750e+03 1.234109288472843424e+01 2.380818427895651894e-03
1.830452880859375000e+03 1.234445557659099002e+01 2.387379996616006538e-03
1.830473693847656250e+03 1.235054877710767585e+01 2.399714748313115306e-03
1.830494567871093750e+03 1.235295567353724699e+01 2.405200732800140580e-03
1.830515380859375000e+03 1.235317752992893325e+01 2.414362110613443510e-03
1.830536193847656250e+03 1.236104250477454158e+01 2.418635767675230384e-03
1.830557067871093750e+03 1.235677405186519273e+01 2.411914828382065445e-03
1.830577880859375000e+03 1.235987768266809717e+01 2.416194686431189214e-03
1.830598693847656250e+03 1.235631261719960250e+01 2.410991882638287027e-03
1.830619567871093750e+03 1.235665604006145912e+01 2.409841687308289515e-03
1.830640380859375000e+03 1.235745758999187771e+01 2.412614253576720377e-03
1.830661193847656250e+03 1.235358258147117105e+01 2.406056819704764302e-03
1.830682067871093750e+03 1.235114758442404970e+01 2.400984852969049229e-03
1.830702880859375000e+03 1.235168985376964379e+01 2.401811803047556627e-03
1.830723693847656250e+03 1.235062291077329633e+01 2.395034441277624996e-03
1.830744567871093750e+03 1.234469111823312204e+01 2.386792634805657686e-03
1.830765380859375000e+03 1.234138186454279662e+01 2.382058117770524067e-03
1.830786193847656250e+03 1.233683190174540201e+01 2.370169705653795908e-03
1.830807067871093750e+03 1.232948066805471399e+01 2.358561298011213701e-03
1.830827880859375000e+03 1.232955182986279574e+01 2.356051419976896641e-03
1.830848693847656250e+03 1.232871816477962490e+01 2.359504573238356637e-03
1.830869567871093750e+03 1.233261124679429344e+01 2.358955577701505810e-03
1.830890380859375000e+03 1.233504429194939611e+01 2.370503623438627045e-03
1.830911193847656250e+03 1.233221436387294467e+01 2.360640108781391668e-03
1.830932067871093750e+03 1.233168287044149558e+01 2.360530359273677655e-03
1.830952880859375000e+03 1.232993998320405638e+01 2.356446355916915619e-03
1.830973693847656250e+03 1.233601017963838231e+01 2.368100950551821869e-03
1.830994567871093750e+03 1.233559044390867143e+01 2.366080345450915275e-03
1.831015380859375000e+03 1.233778337165981043e+01 2.370592518215891564e-03
1.831036193847656250e+03 1.233545400174023499e+01 2.362918642139614361e-03
1.831057067871093750e+03 1.234165455057758720e+01 2.382937660625966160e-03
1.831077880859375000e+03 1.233988106984375754e+01 2.379685611887476758e-03
1.831098693847656250e+03 1.233620078858031732e+01 2.369013970559585933e-03
1.831119567871093750e+03 1.234029427625860720e+01 2.374817795460513418e-03
1.831140380859375000e+03 1.234195784324024459e+01 2.381075194579052381e-03
1.831161193847656250e+03 1.234176492957757532e+01 2.378613871694530701e-03
1.831182067871093750e+03 1.233958186572711391e+01 2.374609752654690056e-03
1.831202880859375000e+03 1.233858688022215944e+01 2.372301872262559327e-03
1.831223693847656250e+03 1.233830902719935452e+01 2.370368927144405821e-03
1.831244567871093750e+03 1.234285158241668690e+01 2.378651065804439010e-03
1.831265380859375000e+03 1.234267390605836745e+01 2.381109332461293481e-03
1.831286193847656250e+03 1.234221176255411478e+01 2.380535900240648116e-03
1.831307067871093750e+03 1.234540082388715199e+01 2.386584800423233090e-03
1.831327880859375000e+03 1.234460820096110467e+01 2.392251452758194404e-03
1.831348693847656250e+03 1.234842588728164081e+01 2.391952574708347025e-03
1.831369567871093750e+03 1.235084170228937239e+01 2.391852678270757135e-03
1.831390380859375000e+03 1.235621532861432748e+01 2.405755275762894163e-03
1.831411193847656250e+03 1.235829671282749409e+01 2.409004442302933174e-03
1.831432067871093750e+03 1.236173716979997295e+01 2.417993745056041394e-03
1.831452880859375000e+03 1.236281473090428129e+01 2.423313277742619558e-03
1.831473693847656250e+03 1.236429212872239169e+01 2.425164211566819238e-03
1.831494567871093750e+03 1.236117496775227487e+01 2.417420773002920773e-03
1.831515380859375000e+03 1.236189188303076669e+01 2.418447242340619578e-03
1.831536193847656250e+03 1.236048362641962228e+01 2.413014588733507475e-03
1.831557067871093750e+03 1.236221682016946133e+01 2.416265570342116756e-03
1.831577880859375000e+03 1.236027544833476988e+01 2.425064844630571859e-03
1.831598693847656250e+03 1.235379271432212356e+01 2.403070998419275846e-03
1.831619567871093750e+03 1.234467985599787276e+01 2.385933310787916907e-03
1.831640380859375000e+03 1.233595332743955275e+01 2.363041801993733329e-03
1.831661193847656250e+03 1.233470039777237481e+01 2.365841893697015735e-03
1.831682067871093750e+03 1.233254165305281447e+01 2.358557131629741670e-03
1.831702880859375000e+03 1.233042637587271351e+01 2.351460259525014855e-03
1.831723693847656250e+03 1.232730000457831210e+01 2.347441825158547418e-03
1.831744567871093750e+03 1.232806683714476215e+01 2.349682669624614077e-03
1.831765380859375000e+03 1.232937011645264924e+01 2.350534338803895139e-03
1.831786193847656250e+03 1.232650771713996996e+01 2.345899838379712690e-03
1.831807067871093750e+03 1.232768360771598992e+01 2.350972381781436544e-03
1.831827880859375000e+03 1.233222441528187119e+01 2.361734049855463390e-03
1.831848693847656250e+03 1.233326348061977029e+01 2.358327132158822854e-03
1.831869567871093750e+03 1.233374785101474735e+01 2.358662361572728440e-03
1.831890380859375000e+03 1.233383708772142384e+01 2.360550269778781667e-03
1.831911193847656250e+03 1.233911297156888942e+01 2.373777398887708980e-03
1.831932067871093750e+03 1.233741028066718748e+01 2.367059266668310180e-03
1.831952880859375000e+03 1.234002310927463419e+01 2.369674838586354002e-03
1.831973693847656250e+03 1.233874409867854638e+01 2.373091710381735123e-03
1.831994567871093750e+03 1.233945904456888165e+01 2.369441982104523049e-03
1.832015380859375000e+03 1.233883083928556168e+01 2.373182047719800923e-03
1.832036193847656250e+03 1.233777453622841591e+01 2.364720914349761546e-03
1.832057067871093750e+03 1.234420386072005549e+01 2.383406526983392927e-03
1.832077880859375000e+03 1.234551575455726535e+01 2.393640149159173124e-03
1.832098693847656250e+03 1.234587245040271597e+01 2.387685334127179117e-03
1.832119567871093750e+03 1.234291114828214297e+01 2.376226624643124497e-03
1.832140380859375000e+03 1.234526938882326697e+01 2.383002241207823630e-03
1.832161193847656250e+03 1.234922832848294050e+01 2.388898974964365294e-03
1.832182067871093750e+03 1.235159669093796531e+01 2.403639883739050204e-03
1.832202880859375000e+03 1.234759285219623592e+01 2.382506128030489369e-03
1.832223693847656250e+03 1.235804741154999498e+01 2.409343071208163486e-03
1.832244567871093750e+03 1.236203788678761484e+01 2.421083562227578385e-03
1.832265380859375000e+03 1.236845980331635175e+01 2.427065720113018646e-03
1.832286193847656250e+03 1.237040752960940893e+01 2.440237352196282170e-03
1.832307067871093750e+03 1.237125163622975244e+01 2.432817510003013224e-03
1.832327880859375000e+03 1.237304031425443007e+01 2.442143938997129969e-03
1.832348693847656250e+03 1.237097877280151259e+01 2.433690665329734954e-03
1.832369567871093750e+03 1.236988661559155211e+01 2.433214896235207092e-03
1.832390380859375000e+03 1.236655958166687874e+01 2.429121132125311357e-03
1.832411193847656250e+03 1.236670813840779282e+01 2.425546426335280226e-03
1.832432067871093750e+03 1.235947629737801812e+01 2.408956449876500927e-03
1.832452880859375000e+03 1.235376009820770093e+01 2.400974452723350725e-03
1.832473693847656250e+03 1.235110415925069738e+01 2.397009357338997226e-03
1.832494567871093750e+03 1.234249393229168490e+01 2.376604335981715149e-03
1.832515380859375000e+03 1.234725806935372461e+01 2.386096202114870723e-03
1.832536193847656250e+03 1.234157276459285946e+01 2.372883270273420508e-03
1.832557067871093750e+03 1.233420792768858298e+01 2.358410381052419239e-03
1.832577880859375000e+03 1.232621509054188635e+01 2.342042178947014667e-03
1.832598693847656250e+03 1.232091654314670315e+01 2.339477812674782900e-03
1.832619567871093750e+03 1.232159925716876891e+01 2.336245944789562372e-03
1.832640380859375000e+03 1.232021359320677867e+01 2.330428548040510816e-03
1.832661193847656250e+03 1.231920878051040624e+01 2.329555031467635869e-03
1.832682067871093750e+03 1.232579175809368444e+01 2.347070533132522650e-03
1.832702880859375000e+03 1.232585059759798973e+01 2.345907424047098157e-03
1.832723693847656250e+03 1.233164088480804743e+01 2.353985303193145782e-03
1.832744567871093750e+03 1.233272516966104781e+01 2.356091378954506925e-03
1.832765380859375000e+03 1.233390920406257862e+01 2.359124657922312754e-03
1.832786193847656250e+03 1.233497008126484573e+01 2.364038111377546672e-03
1.832807067871093750e+03 1.233890456658990331e+01 2.367419631930959764e-03
1.832827880859375000e+03 1.233357409373781444e+01 2.357946568857482474e-03
1.832848693847656250e+03 1.234049316515590178e+01 2.373985454654311926e-03
1.832869567871093750e+03 1.233932026059766507e+01 2.369378322938384476e-03
1.832890380859375000e+03 1.233997090743558367e+01 2.373029547808560690e-03
1.832911193847656250e+03 1.233677507117932315e+01 2.368295594951136829e-03
1.832932067871093750e+03 1.234144542272587586e+01 2.387891448151597488e-03
1.832952819824218750e+03 1.234679486759895717e+01 2.388140553101342906e-03
1.832973693847656250e+03 1.234827954187145060e+01 2.393639112166420172e-03
1.832994506835937500e+03 1.235119221518604249e+01 2.397239421899691626e-03
1.833015319824218750e+03 1.235334667425507682e+01 2.399044004998442982e-03
1.833036193847656250e+03 1.235745780465383525e+01 2.410977993311715344e-03
1.833057006835937500e+03 1.235648541044388615e+01 2.407435859884706712e-03
1.833077819824218750e+03 1.235257433498946966e+01 2.392436239610537529e-03
1.833098693847656250e+03 1.235536888485895979e+01 2.401120959032530117e-03
1.833119506835937500e+03 1.235251843533413840e+01 2.392572700674759894e-03
1.833140319824218750e+03 1.235244931857874917e+01 2.396749970389469835e-03
1.833161193847656250e+03 1.235142204371700991e+01 2.390306945451446761e-03
1.833182006835937500e+03 1.235449054947149250e+01 2.406854503465727813e-03
1.833202819824218750e+03 1.236097566608878218e+01 2.420174907999158697e-03
1.833223693847656250e+03 1.236800913612931829e+01 2.427717264700781502e-03
1.833244506835937500e+03 1.236697799792639785e+01 2.423930907279792449e-03
1.833265319824218750e+03 1.236052902019706323e+01 2.409846014998368643e-03
1.833286193847656250e+03 1.235770840833252926e+01 2.405055331816404341e-03
1.833307006835937500e+03 1.235783299734792884e+01 2.408076974492255867e-03
1.833327819824218750e+03 1.235221257510293924e+01 2.392868565678969630e-03
1.833348693847656250e+03 1.235444102047119053e+01 2.399675792077810010e-03
1.833369506835937500e+03 1.235130067514548102e+01 2.393308781980203487e-03
1.833390319824218750e+03 1.234612411124421705e+01 2.381887775052743839e-03
1.833411193847656250e+03 1.234030054299297952e+01 2.374722802222144300e-03
1.833432006835937500e+03 1.233896874071868588e+01 2.369626258507824199e-03
1.833452819824218750e+03 1.233419632526126719e+01 2.358038962904502461e-03
1.833473693847656250e+03 1.233033848570660673e+01 2.350202881667144694e-03
1.833494506835937500e+03 1.232582024084876871e+01 2.347173410547285111e-03
1.833515319824218750e+03 1.232824807009770929e+01 2.345566867709300129e-03
1.833536193847656250e+03 1.231828853803590462e+01 2.326046638790987137e-03
1.833557006835937500e+03 1.231687657168774841e+01 2.326045336475139093e-03
1.833577819824218750e+03 1.231295233187676885e+01 2.320554348541275114e-03
1.833598693847656250e+03 1.232407252306816581e+01 2.336877491390183543e-03
1.833619506835937500e+03 1.232562550059742357e+01 2.342679739368986030e-03
1.833640319824218750e+03 1.232747472937723821e+01 2.348424028501967277e-03
1.833661193847656250e+03 1.232967776990965447e+01 2.351751052183585593e-03
1.833682006835937500e+03 1.233066255721476168e+01 2.352817860859147091e-03
1.833702819824218750e+03 1.233678755518756986e+01 2.361985501663382316e-03
1.833723693847656250e+03 1.233411554740470351e+01 2.359890789825682192e-03
1.833744506835937500e+03 1.234064820422433506e+01 2.370858891696151372e-03
1.833765319824218750e+03 1.233733336030925898e+01 2.370436655312879986e-03
1.833786193847656250e+03 1.234517181441325206e+01 2.382534657127388916e-03
1.833807006835937500e+03 1.234346521031022448e+01 2.378045735929384345e-03
1.833827819824218750e+03 1.234737708543517343e+01 2.384137488014501788e-03
1.833848693847656250e+03 1.234805466559248011e+01 2.384368060730700841e-03
1.833869506835937500e+03 1.234995715320784981e+01 2.390622910845727634e-03
1.833890319824218750e+03 1.235021110608392725e+01 2.391569387237206783e-03
1.833911193847656250e+03 1.235149424803567975e+01 2.397745061693511582e-03
1.833932006835937500e+03 1.235410325970716094e+01 2.398344145338218627e-03
1.833952819824218750e+03 1.234787477874501782e+01 2.385070807362143271e-03
1.833973693847656250e+03 1.234702276748585703e+01 2.384803053299719248e-03
1.833994506835937500e+03 1.234298119667074012e+01 2.376739142268303150e-03
1.834015319824218750e+03 1.234609009740637298e+01 2.381867423005401291e-03
1.834036193847656250e+03 1.234466291291271212e+01 2.378775055190664612e-03
1.834057006835937500e+03 1.235194219027348161e+01 2.399968251610395866e-03
1.834077819824218750e+03 1.235180153155629235e+01 2.394405224057954973e-03
1.834098693847656250e+03 1.235470656845463644e+01 2.397042069351419842e-03
1.834119506835937500e+03 1.235476741412929158e+01 2.401009052874681585e-03
1.834140319824218750e+03 1.235177654997368535e+01 2.395759723146965829e-03
1.834161193847656250e+03 1.235460189059966218e+01 2.399469356195910001e-03
1.834182006835937500e+03 1.235115478513666609e+01 2.401838839906399528e-03
1.834202819824218750e+03 1.235273193933232783e+01 2.395905753483101256e-03
1.834223693847656250e+03 1.234999375922991938e+01 2.389599135619701730e-03
1.834244506835937500e+03 1.235036719937651206e+01 2.389312907038308384e-03
1.834286193847656250e+03 1.234122525801451076e+01 2.374467995514599472e-03
1.834307006835937500e+03 1.234123138748307547e+01 2.381383217636237528e-03
1.834327819824218750e+03 1.233869941367983891e+01 2.370149270799020574e-03
1.834348693847656250e+03 1.233788348688198511e+01 2.374212261059529139e-03
1.834369506835937500e+03 1.232936393454615320e+01 2.349764966638340832e-03
1.834390319824218750e+03 1.232269937071365362e+01 2.337231298611935470e-03
1.834411193847656250e+03 1.232113277979750521e+01 2.334978779587250797e-03
1.834432006835937500e+03 1.231681246947452024e+01 2.322945651538901694e-03
1.834452819824218750e+03 1.232093425743715009e+01 2.331780239037288538e-03
1.834473693847656250e+03 1.232277245145068356e+01 2.336287854676688189e-03
1.834494506835937500e+03 1.232265203256108776e+01 2.335999821576830067e-03
1.834515319824218750e+03 1.232707606420624380e+01 2.351965398161661325e-03
1.834536193847656250e+03 1.233179764976528681e+01 2.353295684411602518e-03
1.834557006835937500e+03 1.234091832605350625e+01 2.371323896257251842e-03
1.834577819824218750e+03 1.234420494321189743e+01 2.381086948124713429e-03
1.834598693847656250e+03 1.235053802341885820e+01 2.394433687399389211e-03
1.834619506835937500e+03 1.234819893467494190e+01 2.385934406791990862e-03
1.834640319824218750e+03 1.235128212416264759e+01 2.393878980456889613e-03
1.834661193847656250e+03 1.234413879547682313e+01 2.374828927102713445e-03
1.834682006835937500e+03 1.234858712676093084e+01 2.393288953759596400e-03
1.834702819824218750e+03 1.235434642564228724e+01 2.397728253502988145e-03
1.834723693847656250e+03 1.235038263720651663e+01 2.395876871910815591e-03
1.834744506835937500e+03 1.235482080424453777e+01 2.401145709386298330e-03
1.834765319824218750e+03 1.235018085895912421e+01 2.391293641099273993e-03
1.834786193847656250e+03 1.234803424295328611e+01 2.390215730561205936e-03
1.834807006835937500e+03 1.234912931945342152e+01 2.387742899358847367e-03
1.834827819824218750e+03 1.234804489435494546e+01 2.388271664822953170e-03
1.834848693847656250e+03 1.234125552467364173e+01 2.373612607175746084e-03
1.834869506835937500e+03 1.234249242303248906e+01 2.374026517461331597e-03
1.834890319824218750e+03 1.233443101465414671e+01 2.359904875163810253e-03
1.834911193847656250e+03 1.233708980423555168e+01 2.368970088264560781e-03
1.834932006835937500e+03 1.233351856367291610e+01 2.355268680405097053e-03
1.834952819824218750e+03 1.233841259020429071e+01 2.365869261723176596e-03
1.834973632812500000e+03 1.234378521708149457e+01 2.379544353952261528e-03
1.834994445800781250e+03 1.234578543524940031e+01 2.388738687258520552e-03
1.835015319824218750e+03 1.235031993935557004e+01 2.397465002764143614e-03
1.835036132812500000e+03 1.234908815599458620e+01 2.387967079082531276e-03
1.835056945800781250e+03 1.234636345901014209e+01 2.381442364773943363e-03
1.835077819824218750e+03 1.235218917319015652e+01 2.394807104646018946e-03
1.835098632812500000e+03 1.235255766899829055e+01 2.396379678509060265e-03
1.835119445800781250e+03 1.234484783124245233e+01 2.378707367504055269e-03
1.835140319824218750e+03 1.234582690932034588e+01 2.384948223230924213e-03
1.835161132812500000e+03 1.235081335595632979e+01 2.392041324709575333e-03
1.835181945800781250e+03 1.234092714327244167e+01 2.372620706033056002e-03
1.835202819824218750e+03 1.234049843347288977e+01 2.374292661483038552e-03
1.835223632812500000e+03 1.233783649575279284e+01 2.365993327624205372e-03
1.835244445800781250e+03 1.233593724373599620e+01 2.360661582320809204e-03
1.835265319824218750e+03 1.233522391991372125e+01 2.360602515337027665e-03
1.835286132812500000e+03 1.233370524241405342e+01 2.360240215586827464e-03
1.835306945800781250e+03 1.233165167095469350e+01 2.351115731848085581e-03
1.835327819824218750e+03 1.233191755665722233e+01 2.354344379627676918e-03
1.835348632812500000e+03 1.232743346068229151e+01 2.343335495918098463e-03
1.835369445800781250e+03 1.232916560640690307e+01 2.350425517812214284e-03
1.835390319824218750e+03 1.232755475617580920e+01 2.344464401457036547e-03
1.835411132812500000e+03 1.232808057773383226e+01 2.349025446059766192e-03
1.835431945800781250e+03 1.233570598238865124e+01 2.371174391422117139e-03
1.835452819824218750e+03 1.233918310649786676e+01 2.375634369441654084e-03
1.835473632812500000e+03 1.234314953492016365e+01 2.383451418559120929e-03
1.835494445800781250e+03 1.234111290053166421e+01 2.369509215564104872e-03
1.835515319824218750e+03 1.234297626955716431e+01 2.379299048747937195e-03
1.835536132812500000e+03 1.235111268665460749e+01 2.394728542713318777e-03
1.835556945800781250e+03 1.234989304201472926e+01 2.401147184390058954e-03
1.835577819824218750e+03 1.235246685861176097e+01 2.398088784124158875e-03
1.835598632812500000e+03 1.234475819996860402e+01 2.379820267458542665e-03
1.835619445800781250e+03 1.234394782878414887e+01 2.379931371591287315e-03
1.835640319824218750e+03 1.234826309721161230e+01 2.386562296855515922e-03
1.835661132812500000e+03 1.234674017428123527e+01 2.381796281175293812e-03
1.835681945800781250e+03 1.234570830609373715e+01 2.379827597419268727e-03
1.835702819824218750e+03 1.234032525382249901e+01 2.370627332031199561e-03
1.835723632812500000e+03 1.234217047942860113e+01 2.375877562017092784e-03
1.835744445800781250e+03 1.233362171549704911e+01 2.363764519124612190e-03
1.835765319824218750e+03 1.233680413502847806e+01 2.366509218646018972e-03
1.835786132812500000e+03 1.233109143393996732e+01 2.352526026276909651e-03
1.835806945800781250e+03 1.233103395881410513e+01 2.351816666807822562e-03
1.835827819824218750e+03 1.232874448142085555e+01 2.346809831135577510e-03
1.835848632812500000e+03 1.233704909816720097e+01 2.363417767283804670e-03
1.835869445800781250e+03 1.233633873069292264e+01 2.361589344453937471e-03
1.835890319824218750e+03 1.233606691235840280e+01 2.371509486972256733e-03
1.835911132812500000e+03 1.234194737614555315e+01 2.380436261746840879e-03
1.835931945800781250e+03 1.234634817258341322e+01 2.380707841340576770e-03
1.835952819824218750e+03 1.235252752138141297e+01 2.393182902502237648e-03
1.835973632812500000e+03 1.234461953771662834e+01 2.377576745102194522e-03
1.835994445800781250e+03 1.234821105073209146e+01 2.391336652288229923e-03
1.836015319824218750e+03 1.234814251992893830e+01 2.392273167042500807e-03
1.836036132812500000e+03 1.235167329650819390e+01 2.393150629585625959e-03
1.836056945800781250e+03 1.234638401747953651e+01 2.390693771592198712e-03
1.836077819824218750e+03 1.234108436053705127e+01 2.375610452858781078e-03
1.836098632812500000e+03 1.234542479193662423e+01 2.379344316558701811e-03
1.836119445800781250e+03 1.234083683575069834e+01 2.379921724472288270e-03
1.836140319824218750e+03 1.233925396421172671e+01 2.367901975041131982e-03
1.836161132812500000e+03 1.233497589449935461e+01 2.356898909515723652e-03
1.836181945800781250e+03 1.233515962239502706e+01 2.362006431203386627e-03
1.836202819824218750e+03 1.233461733069007238e+01 2.357722508264169063e-03
1.836223632812500000e+03 1.232632992324791132e+01 2.341382684959319657e-03
1.836244445800781250e+03 1.232685626684651581e+01 2.353267264373820177e-03
1.836265319824218750e+03 1.232384898391062578e+01 2.339917791937543273e-03
1.836286132812500000e+03 1.232256003592295102e+01 2.334549349929300813e-03
1.836306945800781250e+03 1.232556928352506809e+01 2.340588613485566818e-03
1.836327819824218750e+03 1.232550390195027035e+01 2.343441914339407500e-03
1.836348632812500000e+03 1.233264085703604174e+01 2.355939756252672934e-03
1.836369445800781250e+03 1.233538035041982539e+01 2.366018930527441239e-03
1.836390319824218750e+03 1.234102862076944795e+01 2.384248140968677973e-03
1.836411132812500000e+03 1.234152019604303696e+01 2.372096973295693360e-03
1.836431945800781250e+03 1.234126603940728906e+01 2.371524228649872761e-03
1.836452819824218750e+03 1.234327328573728977e+01 2.381338392014453655e-03
1.836473632812500000e+03 1.233940226162581943e+01 2.368424303307462963e-03
1.836494445800781250e+03 1.233792521221110938e+01 2.365333464459189270e-03
1.836515319824218750e+03 1.233989757005967647e+01 2.370978198596970180e-03
1.836536132812500000e+03 1.234143339207722434e+01 2.371154661924349417e-03
1.836556945800781250e+03 1.233691461106463372e+01 2.367069920509141858e-03
1.836577819824218750e+03 1.233805038401211540e+01 2.365984935868636722e-03
1.836598632812500000e+03 1.234158509978226625e+01 2.371704758331651900e-03
1.836619445800781250e+03 1.234137448635709333e+01 2.370885423357889203e-03
1.836640319824218750e+03 1.233981278150874417e+01 2.367145220095079935e-03
1.836661132812500000e+03 1.234169596367840960e+01 2.371257603033357936e-03
1.836681945800781250e+03 1.233815164944763154e+01 2.366208350612704087e-03
1.836702758789062500e+03 1.233614714863431772e+01 2.364005977939044167e-03
1.836723571777343750e+03 1.233997666236846769e+01 2.384445292677337888e-03
1.836744445800781250e+03 1.233500757586003260e+01 2.360252083065553751e-03
1.836765258789062500e+03 1.233801787619761292e+01 2.364597769735004434e-03
1.836786071777343750e+03 1.233926931184082321e+01 2.383980602255050471e-03
1.836806945800781250e+03 1.233724089670818991e+01 2.365672104580583430e-03
1.836827758789062500e+03 1.234661627286170216e+01 2.388007660293032641e-03
1.836848571777343750e+03 1.234531850515610607e+01 2.380297239677840043e-03
1.836869445800781250e+03 1.235077211723211654e+01 2.389991533484975544e-03
1.836890258789062500e+03 1.234967361921918716e+01 2.391877307782910422e-03
1.836911071777343750e+03 1.235230740968985685e+01 2.407491087497245011e-03
1.836931945800781250e+03 1.235462085990826786e+01 2.396613128517585591e-03
1.836952758789062500e+03 1.234757966366493065e+01 2.403827499061816919e-03
1.836973571777343750e+03 1.235016183210902874e+01 2.398504386500524381e-03
1.836994445800781250e+03 1.234696603035995466e+01 2.391144137358693859e-03
1.837015258789062500e+03 1.234657844324162568e+01 2.385490330794693813e-03
1.837036071777343750e+03 1.234242459312943474e+01 2.382030861984545632e-03
1.837056945800781250e+03 1.234111927638900319e+01 2.372326236435011015e-03
1.837077758789062500e+03 1.233999602758490610e+01 2.372604620589593982e-03
1.837098571777343750e+03 1.233343923951951915e+01 2.355917168519867672e-03
1.837119445800781250e+03 1.233617268460969996e+01 2.368335798288909860e-03
1.837140258789062500e+03 1.233213147061566417e+01 2.362882030419536424e-03
1.837161071777343750e+03 1.232934443802775704e+01 2.351954446338664229e-03
1.837181945800781250e+03 1.232522335261278634e+01 2.344359296786181421e-03
1.837202758789062500e+03 1.232415409012991603e+01 2.339541098652019382e-03
1.837223571777343750e+03 1.232160803844948482e+01 2.337545432207753428e-03
1.837244445800781250e+03 1.232179911785490312e+01 2.337541959684595952e-03
1.837265258789062500e+03 1.232327003807282750e+01 2.334155507424767219e-03
1.837286071777343750e+03 1.233339561098113180e+01 2.356255651451527079e-03
1.837306945800781250e+03 1.233551556696455798e+01 2.359954092767561473e-03
1.837327758789062500e+03 1.233649925454922425e+01 2.363650580892219435e-03
1.837348571777343750e+03 1.233410443723153627e+01 2.361050916805117021e-03
1.837369445800781250e+03 1.233955424534774004e+01 2.376668260325735110e-03
1.837390258789062500e+03 1.233990844658958785e+01 2.369332330437971292e-03
1.837411071777343750e+03 1.234364198530646028e+01 2.376739409188317019e-03
1.837431945800781250e+03 1.234255102944899818e+01 2.372173116446189486e-03
1.837452758789062500e+03 1.234666514998841080e+01 2.387700600576616195e-03
1.837473571777343750e+03 1.234608182921455288e+01 2.386826866252818920e-03
1.837494445800781250e+03 1.234370689946150179e+01 2.379532762780024648e-03
1.837515258789062500e+03 1.234870735670592801e+01 2.388310856332505165e-03
1.837536071777343750e+03 1.234923662856683180e+01 2.388853375228672596e-03
1.837556945800781250e+03 1.234035554164199588e+01 2.374509688252909433e-03
1.837577758789062500e+03 1.234473249692403307e+01 2.388221543806978448e-03
1.837598571777343750e+03 1.234144835704618259e+01 2.376313280402898506e-03
1.837619445800781250e+03 1.234127704181018537e+01 2.371046690737298873e-03
1.837640258789062500e+03 1.233870046047134217e+01 2.373401120451167946e-03
1.837661071777343750e+03 1.233490989408366367e+01 2.361281665202318372e-03
1.837681945800781250e+03 1.233813718560242201e+01 2.372984269530284667e-03
1.837702758789062500e+03 1.234072060334710663e+01 2.369769100081472925e-03
1.837723571777343750e+03 1.233969834475061766e+01 2.372198197024760931e-03
1.837744445800781250e+03 1.234471436213688378e+01 2.378898473824311334e-03
1.837765258789062500e+03 1.235299285486294707e+01 2.394316448981487037e-03
1.837786071777343750e+03 1.234939524319712234e+01 2.388505694476198739e-03
1.837806945800781250e+03 1.235125355322101726e+01 2.394572962611488543e-03
1.837827758789062500e+03 1.234924701961137750e+01 2.388646503557339401e-03
1.837848571777343750e+03 1.234991075456677656e+01 2.390271420673624209e-03
1.837869445800781250e+03 1.235051015540443942e+01 2.388515032740525477e-03
1.837890258789062500e+03 1.234742151930403509e+01 2.386498021053512584e-03
1.837911071777343750e+03 1.234509008761928861e+01 2.380204683711577285e-03
1.837931945800781250e+03 1.234331225294464218e+01 2.379073168734895192e-03
1.837952758789062500e+03 1.234025262183631888e+01 2.369714604703578205e-03
1.837973571777343750e+03 1.234241394462274677e+01 2.390651432992322266e-03
1.837994445800781250e+03 1.234366909157362002e+01 2.377972695819668709e-03
1.838015258789062500e+03 1.233857214160226867e+01 2.370187327916310153e-03
1.838036071777343750e+03 1.233464384893570553e+01 2.361497314919054971e-03
1.838056945800781250e+03 1.232540979658452862e+01 2.343211492863333904e-03
1.838077758789062500e+03 1.232689595474132460e+01 2.346600970378625011e-03
1.838098571777343750e+03 1.232148939117689679e+01 2.330211962926837226e-03
1.838119445800781250e+03 1.233150972512770593e+01 2.369841578017324677e-03
1.838140258789062500e+03 1.233496405592314993e+01 2.363776809254564560e-03
1.838161071777343750e+03 1.233673459812574791e+01 2.363544865970311059e-03
1.838181945800781250e+03 1.234512821577970776e+01 2.386712919744726595e-03
1.838202758789062500e+03 1.234639880726241756e+01 2.384402582550942257e-03
1.838223571777343750e+03 1.234895840221562402e+01 2.391922517916225416e-03
1.838244445800781250e+03 1.235442656183855448e+01 2.399662263399450143e-03
1.838265197753906250e+03 1.235381379714646677e+01 2.396106899401877904e-03
1.838286071777343750e+03 1.235059305105042782e+01 2.391383215621875353e-03
1.838306884765625000e+03 1.234980078065400200e+01 2.389421456535740281e-03
1.838327697753906250e+03 1.234883229858633946e+01 2.389908024602695798e-03
1.838348571777343750e+03 1.234568510399063257e+01 2.382614593837928396e-03
1.838369384765625000e+03 1.234409008287632759e+01 2.378980450912843245e-03
1.838390197753906250e+03 1.234969458851877810e+01 2.403073388027630788e-03
1.838411071777343750e+03 1.235046748426762342e+01 2.391278333840462806e-03
1.838431884765625000e+03 1.234333862448220209e+01 2.373767824285652906e-03
1.838452697753906250e+03 1.234290892951462659e+01 2.377113922456844126e-03
1.838473571777343750e+03 1.234272786370100050e+01 2.373094827471103861e-03
1.838494384765625000e+03 1.233710124515394924e+01 2.362139721341281057e-03
1.838515197753906250e+03 1.233411118406993623e+01 2.357371076673938498e-03
1.838536071777343750e+03 1.232999353665056930e+01 2.350598322053620935e-03
1.838556884765625000e+03 1.233471181874388911e+01 2.364661244555969766e-03
1.838577697753906250e+03 1.233497850649916572e+01 2.362493042170391543e-03
1.838598571777343750e+03 1.233647281318005717e+01 2.361737208892875691e-03
1.838619384765625000e+03 1.233343415022988054e+01 2.355909419883549152e-03
1.838640197753906250e+03 1.233794896139986363e+01 2.365814927482179971e-03
1.838661071777343750e+03 1.234648221478507146e+01 2.388281980617604390e-03
1.838681884765625000e+03 1.234693983134629391e+01 2.384429505571609292e-03
1.838702697753906250e+03 1.234899644316119272e+01 2.386934934459541708e-03
1.838744384765625000e+03 1.234886603103052138e+01 2.391724854203660516e-03
1.838765197753906250e+03 1.234818795231821298e+01 2.387278624285315773e-03
1.838786071777343750e+03 1.234549867840080672e+01 2.380000104122084823e-03
1.838806884765625000e+03 1.234158805921049584e+01 2.374153707414502351e-03
1.838827697753906250e+03 1.233745549679276898e+01 2.363652412160563432e-03
1.838848571777343750e+03 1.233569920792382035e+01 2.363730502592368415e-03
1.838869384765625000e+03 1.233495038609491701e+01 2.358111444506621156e-03
1.838890197753906250e+03 1.232762479399094246e+01 2.344680516930890048e-03
1.838911071777343750e+03 1.233382304939303253e+01 2.359432249492610014e-03
1.838931884765625000e+03 1.233202629588838484e+01 2.361035621585880033e-03
1.838952697753906250e+03 1.232335131136459516e+01 2.337403877110237789e-03
1.838973571777343750e+03 1.232483554702468886e+01 2.341276442945545468e-03
1.838994384765625000e+03 1.232440354793317638e+01 2.338232684844399924e-03
1.839015197753906250e+03 1.233174361645345130e+01 2.360730065819858364e-03
1.839036071777343750e+03 1.233450363172081232e+01 2.370769043578070407e-03
1.839056884765625000e+03 1.233960373505979291e+01 2.368220478549348026e-03
1.839077697753906250e+03 1.234327749827798293e+01 2.382205442735959092e-03
1.839098571777343750e+03 1.234676719160054326e+01 2.386406211834601714e-03
1.839119384765625000e+03 1.235048827170335350e+01 2.389412380594774926e-03
1.839140197753906250e+03 1.235514648382137715e+01 2.402534013200417762e-03
1.839161071777343750e+03 1.235202232415344170e+01 2.398480254289000156e-03
1.839181884765625000e+03 1.235859788994689445e+01 2.407147323530184086e-03
1.839202697753906250e+03 1.235331043410253393e+01 2.395236613744334241e-03
1.839223571777343750e+03 1.235019383372372381e+01 2.397422611867391137e-03
1.839244384765625000e+03 1.235170664303907806e+01 2.396813412532017469e-03
1.839265197753906250e+03 1.234704761753535252e+01 2.385198825531602979e-03
1.839286071777343750e+03 1.234438362870059613e+01 2.378833435031718017e-03
1.839306884765625000e+03 1.234607284820268625e+01 2.390397882964336897e-03
1.839327697753906250e+03 1.234328620096598428e+01 2.382591847760673603e-03
1.839348571777343750e+03 1.234401898824264165e+01 2.378016691366041397e-03
1.839369384765625000e+03 1.233878227885556988e+01 2.369127995117417673e-03
1.839390197753906250e+03 1.233642643306130893e+01 2.364352430753276484e-03
1.839411071777343750e+03 1.233602739830704920e+01 2.364059646860409807e-03
1.839431884765625000e+03 1.233655232933100088e+01 2.366703350998481965e-03
1.839452697753906250e+03 1.233252889217805226e+01 2.358192626305120453e-03
1.839473571777343750e+03 1.233237349527260918e+01 2.360585299540064307e-03
1.839494384765625000e+03 1.233575681619577935e+01 2.366094214754915249e-03
1.839536071777343750e+03 1.233940948254530134e+01 2.371490806978108438e-03
1.839556884765625000e+03 1.234551897815947896e+01 2.386979248724122038e-03
1.839577697753906250e+03 1.234350495892126709e+01 2.380161979613625890e-03
1.839598571777343750e+03 1.234128942637975435e+01 2.382409078158022418e-03
1.839619384765625000e+03 1.235038406862150673e+01 2.392957009501146641e-03
1.839640197753906250e+03 1.234457012054862624e+01 2.381674880786835685e-03
1.839661071777343750e+03 1.234958215902728540e+01 2.392603751552579375e-03
1.839681884765625000e+03 1.234657898048334168e+01 2.396245075073430517e-03
1.839702697753906250e+03 1.234982037872549654e+01 2.390364893421005870e-03
1.839723510742187500e+03 1.234412015097834647e+01 2.381645279947203382e-03
1.839744323730468750e+03 1.234667090289369895e+01 2.389351289125437195e-03
1.839765197753906250e+03 1.234395390763929434e+01 2.381315984536357989e-03
1.839786010742187500e+03 1.234459563574307595e+01 2.384892048028176056e-03
1.839806823730468750e+03 1.234321935193083775e+01 2.380029932377908473e-03
1.839827697753906250e+03 1.233754537908161453e+01 2.370070204165877509e-03
1.839848510742187500e+03 1.234125413726358644e+01 2.378221730009780297e-03
1.839869323730468750e+03 1.233724657027100946e+01 2.370181279779002767e-03
1.839890197753906250e+03 1.233900482286289524e+01 2.375769751043805070e-03
1.839911010742187500e+03 1.233523635116158879e+01 2.370467330763392604e-03
1.839931823730468750e+03 1.233689894009848587e+01 2.370932027982674412e-03
1.839952697753906250e+03 1.233794667164005787e+01 2.378263479089606780e-03
1.839973510742187500e+03 1.233867161560776182e+01 2.377146444572231145e-03
1.839994323730468750e+03 1.233995863265886150e+01 2.379361496996495583e-03
1.840015197753906250e+03 1.233844105633570543e+01 2.377330046462846572e-03
1.840036010742187500e+03 1.234461250633064289e+01 2.388521897578523880e-03
1.840056823730468750e+03 1.234346112438863585e+01 2.386697886941936252e-03
1.840077697753906250e+03 1.234571956916666657e+01 2.390372927962701888e-03
1.840098510742187500e+03 1.234307906086865003e+01 2.391835689677552623e-03
1.840119323730468750e+03 1.233908657945957721e+01 2.390381150512626250e-03
1.840140197753906250e+03 1.234376936216040832e+01 2.388194262726644861e-03
1.840161010742187500e+03 1.233660633054639000e+01 2.378364698830211579e-03
1.840181823730468750e+03 1.233480070844033527e+01 2.374559055281616135e-03
1.840202697753906250e+03 1.233406135002190140e+01 2.381940819572809717e-03
1.840223510742187500e+03 1.233141936762118540e+01 2.367204925692083673e-03
1.840244323730468750e+03 1.233069336975778008e+01 2.366110064233808638e-03
1.840265197753906250e+03 1.233362992787175649e+01 2.375286141211967357e-03
1.840286010742187500e+03 1.232649686358527852e+01 2.361222901176722282e-03
1.840306823730468750e+03 1.233353023937885418e+01 2.377174446767747057e-03
1.840327697753906250e+03 1.233469065139014553e+01 2.379504736147661659e-03
1.840348510742187500e+03 1.232850309813739109e+01 2.370636866437958890e-03
1.840369323730468750e+03 1.232147744308365667e+01 2.354317854589079492e-03
1.840390197753906250e+03 1.232207274097318894e+01 2.357924659226269450e-03
1.840411010742187500e+03 1.231704130565769617e+01 2.347335185446931122e-03
1.840431823730468750e+03 1.232606347782569145e+01 2.367882331034467172e-03
1.840452697753906250e+03 1.232618626777254001e+01 2.368902078991289625e-03
1.840473510742187500e+03 1.233171703465457547e+01 2.388505629267185203e-03
1.840494323730468750e+03 1.233252969101471841e+01 2.388781677623331556e-03
1.840515197753906250e+03 1.233542209339802831e+01 2.407060589549358479e-03
1.840536010742187500e+03 1.233939890598197664e+01 2.405839797341874278e-03
1.840556823730468750e+03 1.234199432358086668e+01 2.409934439107004091e-03
1.840577697753906250e+03 1.234417506482336613e+01 2.416872204811479439e-03
1.840598510742187500e+03 1.234470964208138355e+01 2.418715487692031825e-03
1.840619323730468750e+03 1.234281449265615649e+01 2.418611930085120230e-03
1.840640197753906250e+03 1.234322373275048079e+01 2.420981888228183714e-03
